# Command : blockmean d.txt -I0.2 -R53/23/66/30r -h1 -V
53.25	29.75	-75.57376241
53.75	29.75	-92.47901024
54.25	29.75	-115.0779591
54.75	29.75	-118.4561823
55.25	29.75	-108.2000959
55.75	29.75	-103.3922332
56.25	29.75	-92.39805156
56.75	29.75	-83.56624919
57.25	29.75	-54.30123289
57.75	29.75	-48.76326584
58.25	29.75	-54.33204984
58.75	29.75	-55.41151113
59.25	29.75	-57.4782702
59.75	29.75	-56.80666959
60.25	29.75	-51.3187797
60.75	29.75	-52.2206484
61.25	29.75	-62.95332442
61.75	29.75	-65.29240964
62.25	29.75	-66.65703131
62.75	29.75	-66.35026818
63.25	29.75	-63.4946918
63.75	29.75	-63.60247233
64.25	29.75	-68.39394284
64.75	29.75	-68.08305993
65.25	29.75	-64.79189046
65.75	29.75	-55.50813119
53.25	29.25	-86.96690866
53.75	29.25	-106.9882825
54.25	29.25	-130.7290732
54.75	29.25	-134.7552089
55.25	29.25	-125.120669
55.75	29.25	-120.3278468
56.25	29.25	-108.6586306
56.75	29.25	-98.89948593
57.25	29.25	-68.06584981
57.75	29.25	-61.1494419
58.25	29.25	-65.07368376
58.75	29.25	-65.95337546
59.25	29.25	-69.11116188
59.75	29.25	-68.72184087
60.25	29.25	-62.71896879
60.75	29.25	-63.12450494
61.25	29.25	-73.3325868
61.75	29.25	-75.75366823
62.25	29.25	-77.85547546
62.75	29.25	-77.71117503
63.25	29.25	-74.51142254
63.75	29.25	-74.15909586
64.25	29.25	-78.23985434
64.75	29.25	-77.33976743
65.25	29.25	-73.18160604
65.75	29.25	-61.99336599
53.25	28.75	-92.80719528
53.75	28.75	-111.0902911
54.25	28.75	-119.0216432
54.75	28.75	-122.7704993
55.25	28.75	-126.1328168
55.75	28.75	-124.5202829
56.25	28.75	-117.0197438
56.75	28.75	-110.2880411
57.25	28.75	-94.74229127
57.75	28.75	-87.29346822
58.25	28.75	-73.13669939
58.75	28.75	-72.59672452
59.25	28.75	-84.63170023
59.75	28.75	-85.64073648
60.25	28.75	-80.21392676
60.75	28.75	-78.52476449
61.25	28.75	-75.33288548
61.75	28.75	-76.41859538
62.25	28.75	-84.45544307
62.75	28.75	-85.00545159
63.25	28.75	-81.84937717
63.75	28.75	-80.00326316
64.25	28.75	-75.19058431
64.75	28.75	-72.6690622
65.25	28.75	-67.8495992
65.75	28.75	-56.97770669
53.25	28.25	-88.96210932
53.75	28.25	-105.1737993
54.25	28.25	-110.7441174
54.75	28.25	-114.4745327
55.25	28.25	-120.1117005
55.75	28.25	-120.4349061
56.25	28.25	-115.2056189
56.75	28.25	-110.650676
57.25	28.25	-98.09252792
57.75	28.25	-91.57539601
58.25	28.25	-76.83805794
58.75	28.25	-75.87549659
59.25	28.25	-87.78942418
59.75	28.25	-89.06636796
60.25	28.25	-84.34970132
60.75	28.25	-82.10522616
61.25	28.25	-76.89999778
61.75	28.25	-76.52241362
62.25	28.25	-83.13151526
62.75	28.25	-82.77960054
63.25	28.25	-78.78610449
63.75	28.25	-76.51872594
64.25	28.25	-71.39774662
64.75	28.25	-68.3886975
65.25	28.25	-62.76178452
65.75	28.25	-52.5735811
53.25	27.75	-62.78408417
53.75	27.75	-74.94106186
54.25	27.75	-79.69645163
54.75	27.75	-83.68165896
55.25	27.75	-92.69078072
55.75	27.75	-95.18329524
56.25	27.75	-97.54768415
56.75	27.75	-96.00755104
57.25	27.75	-90.64364871
57.75	27.75	-87.1143213
58.25	27.75	-83.52525912
58.75	27.75	-82.51303918
59.25	27.75	-85.14252945
59.75	27.75	-85.96978304
60.25	27.75	-89.03436774
60.75	27.75	-87.39433208
61.25	27.75	-80.68209373
61.75	27.75	-77.51868556
62.25	27.75	-69.86457337
62.75	27.75	-66.41925088
63.25	27.75	-56.95465743
63.75	27.75	-55.15197642
64.25	27.75	-58.19205954
64.75	27.75	-55.30991052
65.25	27.75	-40.97934021
65.75	27.75	-32.35303867
53.25	27.25	-57.39043024
53.75	27.25	-67.71712617
54.25	27.25	-71.23425299
54.75	27.25	-74.94742252
55.25	27.25	-84.49453899
55.75	27.25	-87.92487618
56.25	27.25	-91.96922865
56.75	27.25	-92.00784307
57.25	27.25	-88.63740888
57.75	27.25	-85.50916722
58.25	27.25	-81.02501276
58.75	27.25	-78.81724067
59.25	27.25	-79.75462236
59.75	27.25	-79.26926649
60.25	27.25	-80.90486385
60.75	27.25	-78.45014541
61.25	27.25	-71.12732652
61.75	27.25	-67.12773855
62.25	27.25	-58.07220122
62.75	27.25	-54.21086383
63.25	27.25	-45.1655625
63.75	27.25	-44.07111534
64.25	27.25	-48.32905661
64.75	27.25	-46.37617772
65.25	27.25	-33.13871319
65.75	27.25	-26.28303462
53.25	26.75	-57.32339774
53.75	26.75	-66.44223632
54.25	26.75	-63.59844127
54.75	26.75	-66.41637987
55.25	26.75	-76.88216286
55.75	26.75	-80.8653027
56.25	26.75	-87.35233411
56.75	26.75	-88.95198038
57.25	26.75	-93.00659371
57.75	26.75	-87.93272757
58.25	26.75	-66.15375567
58.75	26.75	-60.48753266
59.25	26.75	-60.85060289
59.75	26.75	-57.24327275
60.25	26.75	-41.58929362
60.75	26.75	-36.35501378
61.25	26.75	-28.26656952
61.75	26.75	-24.70411022
62.25	26.75	-18.63569623
62.75	26.75	-16.66897506
63.25	26.75	-16.53455155
63.75	26.75	-16.97638234
64.25	26.75	-21.28179846
64.75	26.75	-21.54880215
65.25	26.75	-20.59065301
65.75	26.75	-17.22063796
53.25	26.25	-55.42936013
53.75	26.25	-64.28130262
54.25	26.25	-61.72848909
54.75	26.25	-64.42212286
55.25	26.25	-74.32451883
55.75	26.25	-77.93904421
56.25	26.25	-84.07876078
56.75	26.25	-84.93777584
57.25	26.25	-87.33392202
57.75	26.25	-79.34634334
58.25	26.25	-52.44712748
58.75	26.25	-44.02622382
59.25	26.25	-43.06916321
59.75	26.25	-38.08467943
60.25	26.25	-20.32008608
60.75	26.25	-14.29411903
61.25	26.25	-6.320823253
61.75	26.25	-3.466300164
62.25	26.25	1.102979999
62.75	26.25	1.836184095
63.25	26.25	0.37360777
63.75	26.25	-0.803116102
64.25	26.25	-5.50518382
64.75	26.25	-7.205738356
65.25	26.25	-9.274046434
65.75	26.25	-9.021043013
53.25	25.75	-46.70067812
53.75	25.75	-56.00924718
54.25	25.75	-64.4014549
54.75	25.75	-67.73238012
55.25	25.75	-72.5947545
55.75	25.75	-74.78668845
56.25	25.75	-78.11330946
56.75	25.75	-75.8006026
57.25	25.75	-63.82061568
57.75	25.75	-49.22091312
58.25	25.75	1.113576406
58.75	25.75	14.05034268
59.25	25.75	15.53145424
59.75	25.75	20.99442436
60.25	25.75	39.89517347
60.75	25.75	45.34831702
61.25	25.75	52.82799795
61.75	25.75	53.99502516
62.25	25.75	49.98141732
62.75	25.75	49.24177101
63.25	25.75	43.9774501
63.75	25.75	42.67372516
64.25	25.75	40.2657337
64.75	25.75	36.89089058
65.25	25.75	27.82866971
65.75	25.75	22.29303317
53.25	25.25	-46.33832774
53.75	25.25	-55.6829298
54.25	25.25	-64.12981312
54.75	25.25	-66.82956398
55.25	25.25	-70.18729733
55.75	25.25	-71.51238571
56.25	25.25	-74.14098447
56.75	25.25	-69.82940972
57.25	25.25	-53.1846506
57.75	25.25	-32.3689997
58.25	25.25	28.96221099
58.75	25.25	47.25744218
59.25	25.25	51.09030931
59.75	25.25	56.91674503
60.25	25.25	74.27551743
60.75	25.25	77.37313687
61.25	25.25	80.38248702
61.75	25.25	79.51966125
62.25	25.25	74.89136854
62.75	25.25	75.4503117
63.25	25.25	74.12997868
63.75	25.25	74.2318168
64.25	25.25	71.26207831
64.75	25.25	64.02830268
65.25	25.25	45.75898128
65.75	25.25	33.9289004
53.25	24.75	-54.73488876
53.75	24.75	-63.88170084
54.25	24.75	-63.91388517
54.75	24.75	-64.23094261
55.25	24.75	-61.3236802
55.75	24.75	-61.90134526
56.25	24.75	-67.96227434
56.75	24.75	-61.96339212
57.25	24.75	-31.96291607
57.75	24.75	1.117878605
58.25	24.75	175.1398298
58.75	24.75	205.7538791
59.25	24.75	219.124765
59.75	24.75	225.427531
60.25	24.75	228.8548946
60.75	24.75	224.9440218
61.25	24.75	164.4191194
61.75	24.75	158.5944645
62.25	24.75	157.5155096
62.75	24.75	164.2511237
63.25	24.75	233.6983744
63.75	24.75	239.3237528
64.25	24.75	234.8633103
64.75	24.75	217.2646243
65.25	24.75	89.284705
65.75	24.75	63.65531633
53.25	24.25	-54.43578278
53.75	24.25	-63.4147712
54.25	24.25	-62.92400081
54.75	24.25	-62.40012234
55.25	24.25	-58.06419864
55.75	24.25	-58.01631345
56.25	24.25	-64.12052611
56.75	24.25	-58.69762156
57.25	24.25	-30.08933931
57.75	24.25	1.830483342
58.25	24.25	175.0024071
58.75	24.25	209.8935965
59.25	24.25	234.9944227
59.75	24.25	245.9998504
60.25	24.25	249.5921771
60.75	24.25	245.2306281
61.25	24.25	184.0466935
61.75	24.25	178.1506772
62.25	24.25	177.6249727
62.75	24.25	184.9711927
63.25	24.25	255.4205233
63.75	24.25	261.2591651
64.25	24.25	256.2205895
64.75	24.25	236.7941393
65.25	24.25	104.4208227
65.75	24.25	74.5729041
53.25	23.75	-47.82606559
53.75	23.75	-56.60329946
54.25	23.75	-62.07653843
54.75	23.75	-61.5794547
55.25	23.75	-52.76592086
55.75	23.75	-51.62321777
56.25	23.75	-55.29857963
56.75	23.75	-53.20123449
57.25	23.75	-48.06096331
57.75	23.75	-32.550886
58.25	23.75	8.739426259
58.75	23.75	44.78746656
59.25	23.75	209.5544308
59.75	23.75	234.849615
60.25	23.75	241.7804297
60.75	23.75	242.2333712
61.25	23.75	236.7195405
61.75	23.75	235.5173267
62.25	23.75	238.4149198
62.75	23.75	241.6193602
63.25	23.75	256.2161538
63.75	23.75	257.5004871
64.25	23.75	250.2507063
64.75	23.75	235.6493576
65.25	23.75	153.9999647
65.75	23.75	124.7522411
53.75	23.25	-48.2248994
54.25	23.25	-53.47456969
54.75	23.25	-53.05889652
55.25	23.25	-44.51905639
55.75	23.25	-43.29980167
56.25	23.25	-46.71686199
56.75	23.25	-45.98899369
57.25	23.25	-44.99000298
57.75	23.25	-36.34849686
58.25	23.25	-8.002612868
58.75	23.25	22.09385957
59.25	23.25	184.7669979
59.75	23.25	209.3833446
60.25	23.25	216.4066857
60.75	23.25	218.2262226
61.25	23.25	216.2595385
61.75	23.25	216.4650332
62.25	23.25	219.3774702
62.75	23.25	221.0285616
63.25	23.25	231.6786339
63.75	23.25	231.6221403
64.25	23.25	225.1035655
64.75	23.25	214.1542395
65.25	23.25	141.1625121
65.75	23.25	117.1238744
