# Command : blockmean b.txt -I0.2 -R53/23/66/30r -h1 -V
53.5	29.5	50.28553019
54.5	29.5	49.2065097
55.5	29.5	43.03648291
56.5	29.5	49.3031214
57.5	29.5	50.56715245
58.5	29.5	37.96998533
59.5	29.5	37.77733547
60.5	29.5	46.25368386
61.5	29.5	37.92605055
62.5	29.5	38.82185849
63.5	29.5	41.18519042
64.5	29.5	43.89965343
65.5	29.5	45.16845546
53.5	28.5	45.16278302
54.5	28.5	45.78742836
55.5	28.5	45.79881553
56.5	28.5	37.72810054
57.5	28.5	38.53046417
58.5	28.5	43.70571202
59.5	28.5	37.27859691
60.5	28.5	39.26592105
61.5	28.5	42.04804817
62.5	28.5	37.02991647
63.5	28.5	38.32409748
64.5	28.5	38.78651363
65.5	28.5	40.27519162
53.5	27.5	39.65721662
54.5	27.5	37.14305254
55.5	27.5	41.63329738
56.5	27.5	42.10378832
57.5	27.5	45.13128575
58.5	27.5	34.13856082
59.5	27.5	38.8207252
60.5	27.5	42.28475908
61.5	27.5	42.34987112
62.5	27.5	44.34534822
63.5	27.5	40.95823228
64.5	27.5	40.15384345
65.5	27.5	43.9334011
53.5	26.5	39.70168663
54.5	26.5	36.16665142
55.5	26.5	38.22917421
56.5	26.5	41.11357513
57.5	26.5	37.00939538
58.5	26.5	34.87973844
59.5	26.5	39.0866418
60.5	26.5	39.26859634
61.5	26.5	44.35281416
62.5	26.5	43.32253042
63.5	26.5	42.18378835
64.5	26.5	41.48076737
65.5	26.5	36.78042585
53.5	25.5	37.22499661
54.5	25.5	36.12560002
55.5	25.5	43.0168294
56.5	25.5	31.22917647
57.5	25.5	34.15120201
58.5	25.5	30.88686235
59.5	25.5	34.18781456
60.5	25.5	33.67413447
61.5	25.5	32.89901564
62.5	25.5	34.53937186
63.5	25.5	31.29974853
64.5	25.5	33.54195936
65.5	25.5	37.07989731
53.5	24.5	36.95132373
54.5	24.5	35.30426399
55.5	24.5	41.24432632
56.5	24.5	30.46107227
57.5	24.5	31.67374162
58.5	24.5	28.1785877
59.5	24.5	31.39804232
60.5	24.5	28.94974322
61.5	24.5	31.38479264
62.5	24.5	30.32933869
63.5	24.5	30.41097053
64.5	24.5	33.32067678
65.5	24.5	29.76631799
54.5	23.5	35.93105113
55.5	23.5	39.09049244
56.5	23.5	38.02212676
57.5	23.5	34.82785181
58.5	23.5	29.44646884
59.5	23.5	25.34313738
60.5	23.5	20.59240329
61.5	23.5	19.57789056
62.5	23.5	22.56385736
63.5	23.5	23.95799957
64.5	23.5	25.45439386
65.5	23.5	26.35278969
