# Command : blockmean c.txt -I0.2 -R53/23/66/30r -h1 -V
53.25	29.75	-152.7490211
53.75	29.75	-177.3305732
54.25	29.75	-176.8344645
54.75	29.75	-169.0059593
55.25	29.75	-132.3560596
55.75	29.75	-131.6014096
56.25	29.75	-167.4769534
56.75	29.75	-175.768054
57.25	29.75	-179.6665661
57.75	29.75	-244.368
58.25	29.75	-78.98505174
58.75	29.75	-59.22034351
59.25	29.75	-54.55260728
59.75	29.75	-64.23994075
60.25	29.75	-119.8615908
60.75	29.75	-120.2631835
61.25	29.75	-65.73590203
61.75	29.75	-55.01844761
62.25	29.75	-59.08338549
62.75	29.75	-62.93417289
63.25	29.75	-81.10388313
63.75	29.75	-88.9152874
64.25	29.75	-108.588133
64.75	29.75	-113.5653229
65.25	29.75	-118.4716699
65.75	29.75	-103.6628129
53.25	29.25	-168.3800217
53.75	29.25	-197.4400622
54.25	29.25	-198.8735738
54.75	29.25	-191.6062932
55.25	29.25	-154.3734586
55.75	29.25	-150.7001098
56.25	29.25	-180.1778293
56.75	29.25	-185.7548881
57.25	29.25	-189.7318141
57.75	29.25	-173.9247354
58.25	29.25	-93.7477846
58.75	29.25	-73.4179391
59.25	29.25	-64.44656839
59.75	29.25	-72.86412309
60.25	29.25	-129.897979
60.75	29.25	-131.9714279
61.25	29.25	-79.47505402
61.75	29.25	-68.12148064
62.25	29.25	-68.65208053
62.75	29.25	-71.11013539
63.25	29.25	-89.64976451
63.75	29.25	-97.81038189
64.25	29.25	-117.9255765
64.75	29.25	-123.3490398
65.25	29.25	-128.7029974
65.75	29.25	-112.1605169
53.25	28.75	-138.4243068
53.75	28.75	-164.7089349
54.25	28.75	-174.904447
54.75	28.75	-175.1266818
55.25	28.75	-169.232819
55.75	28.75	-158.0787058
56.25	28.75	-107.2766612
56.75	28.75	-99.254316
57.25	28.75	-103.0444947
57.75	28.75	-102.9265554
58.25	28.75	-122.6548422
58.75	28.75	-113.0091796
59.25	28.75	-67.77417148
59.75	28.75	-65.3583012
60.25	28.75	-86.6399043
60.75	28.75	-93.56475419
61.25	28.75	-106.2487583
61.75	28.75	-100.1405623
62.25	28.75	-64.61998122
62.75	28.75	-60.26030256
63.25	28.75	-70.76717117
63.75	28.75	-74.93309873
64.25	28.75	-81.61592365
64.75	28.75	-85.02804412
65.25	28.75	-93.10398974
65.75	28.75	-80.82952371
53.25	28.25	-123.2378814
53.75	28.25	-145.1091525
54.25	28.25	-154.0714555
54.75	28.25	-157.4305648
55.25	28.25	-159.3906573
55.75	28.25	-150.1953488
56.25	28.25	-96.18263628
56.75	28.25	-86.91843041
57.25	28.25	-91.73505826
57.75	28.25	-93.00245196
58.25	28.25	-114.9045381
58.75	28.25	-107.9176014
59.25	28.25	-66.55886626
59.75	28.25	-64.65587532
60.25	28.25	-83.7743633
60.75	28.25	-92.56530637
61.25	28.25	-111.9824576
61.75	28.25	-109.4721752
62.25	28.25	-75.20739579
62.75	28.25	-69.1667199
63.25	28.25	-74.6195676
63.75	28.25	-75.08871654
64.25	28.25	-78.24213145
64.75	28.25	-80.7922745
65.25	28.25	-90.28567354
65.75	28.25	-79.08356917
53.25	27.75	-78.53040702
53.75	27.75	-90.55850524
54.25	27.75	-78.95441843
54.75	27.75	-84.10313368
55.25	27.75	-116.4476241
55.75	27.75	-120.4415072
56.25	27.75	-118.3278648
56.75	27.75	-118.7382385
57.25	27.75	-134.097298
57.75	27.75	-122.957739
58.25	27.75	-47.27712824
58.75	27.75	-36.91015749
59.25	27.75	-66.16612062
59.75	27.75	-76.24845458
60.25	27.75	-104.9820762
60.75	27.75	-113.9422001
61.25	27.75	-119.6436072
61.75	27.75	-122.4423711
62.25	27.75	-130.6235391
62.75	27.75	-126.3480278
63.25	27.75	-103.4356111
63.75	27.75	-97.36663126
64.25	27.75	-91.11645144
64.75	27.75	-93.45617322
65.25	27.75	-114.4933495
65.75	27.75	-102.0990148
53.25	27.25	-67.62711329
53.75	27.25	-75.46874123
54.25	27.25	-59.94724852
54.75	27.25	-64.49990526
55.25	27.25	-99.29579995
55.75	27.25	-107.8069336
56.25	27.25	-113.7983754
56.75	27.25	-116.1004314
57.25	27.25	-128.0199329
57.75	27.25	-113.2250441
58.25	27.25	-32.83714609
58.75	27.25	-23.94759719
59.25	27.25	-60.96637441
59.75	27.25	-74.34294897
60.25	27.25	-103.1735569
60.75	27.25	-112.9825739
61.25	27.25	-121.1750321
61.75	27.25	-126.5163093
62.25	27.25	-137.994947
62.75	27.25	-134.2623113
63.25	27.25	-109.5005391
63.75	27.25	-101.8150784
64.25	27.25	-93.58125297
64.75	27.25	-93.22375643
65.25	27.25	-109.7418327
65.75	27.25	-96.66244539
53.25	26.75	-63.18272383
53.75	26.75	-68.73625627
54.25	26.75	-45.31300661
54.75	26.75	-46.70325308
55.25	26.75	-67.4856318
55.75	26.75	-75.93769486
56.25	26.75	-95.65444639
56.75	26.75	-93.19131619
57.25	26.75	-62.90497919
57.75	26.75	-49.34003796
58.25	26.75	-22.1499182
58.75	26.75	-21.44923819
59.25	26.75	-56.69866539
59.75	26.75	-67.40063747
60.25	26.75	-76.68073476
60.75	26.75	-87.83470288
61.25	26.75	-124.9317068
61.75	26.75	-132.5155753
62.25	26.75	-128.4895593
62.75	26.75	-124.3968661
63.25	26.75	-112.1360794
63.75	26.75	-106.3228491
64.25	26.75	-98.10458241
64.75	26.75	-90.22066124
65.25	26.75	-55.83888444
65.75	26.75	-42.29609556
53.25	26.25	-57.93416329
53.75	26.25	-62.64325
54.25	26.25	-39.9113082
54.75	26.25	-42.11448921
55.25	26.25	-63.52678734
55.75	26.25	-68.32463725
56.25	26.25	-78.46198787
56.75	26.25	-71.40449085
57.25	26.25	-40.14029024
57.75	26.25	-28.723365
58.25	26.25	-7.347253464
58.75	26.25	-8.900221501
59.25	26.25	-43.46975445
59.75	26.25	-52.3266417
60.25	26.25	-58.0918832
60.75	26.25	-67.26488306
61.25	26.25	-103.1250858
61.75	26.25	-110.1539842
62.25	26.25	-105.8639595
62.75	26.25	-101.9968529
63.25	26.25	-90.47395951
63.75	26.25	-86.10234972
64.25	26.25	-80.49757856
64.75	26.25	-73.98949397
65.25	26.25	-40.78028316
65.75	26.25	-30.30097591
53.25	25.75	-37.14873677
53.75	25.75	-41.50609524
54.25	25.75	-34.74532846
54.75	25.75	-43.37802764
55.25	25.75	-92.37171482
55.75	25.75	-86.81923635
56.25	25.75	0.559687248
56.75	25.75	16.33574358
57.25	25.75	2.588592938
57.75	25.75	8.558820866
58.25	25.75	37.95521262
58.75	25.75	37.93803405
59.25	25.75	7.938515869
59.75	25.75	1.775311363
60.25	25.75	3.017596956
60.75	25.75	0.911962933
61.25	25.75	1.221446207
61.75	25.75	-2.341388978
62.25	25.75	-14.46926088
62.75	25.75	-11.44280239
63.25	25.75	15.73462925
63.75	25.75	18.08024895
64.25	25.75	1.071154507
64.75	25.75	-3.522821971
65.25	25.75	-26.1031572
65.75	25.75	-24.74019892
53.25	25.25	-32.59377686
53.75	25.25	-36.49942868
54.25	25.25	-31.07028208
54.75	25.25	-41.14735078
55.25	25.25	-91.71918046
55.75	25.25	-82.57140449
56.25	25.25	14.84226826
56.75	25.25	33.91577458
57.25	25.25	17.91082575
57.75	25.25	23.00251228
58.25	25.25	53.15284258
58.75	25.25	54.26516725
59.25	25.25	26.13940889
59.75	25.25	22.08577904
60.25	25.25	26.39521649
60.75	25.25	26.86870874
61.25	25.25	30.12948263
61.75	25.25	27.86046595
62.25	25.25	15.83604186
62.75	25.25	18.11390807
63.25	25.25	43.5577303
63.75	25.25	43.69623811
64.25	25.25	23.11085011
64.75	25.25	15.93595691
65.25	25.25	-9.550636312
65.75	25.25	-12.15189573
53.25	24.75	-28.82917129
53.75	24.75	-31.71608424
54.25	24.75	-22.22836205
54.75	24.75	-30.86470649
55.25	24.75	-76.59148281
55.75	24.75	-67.05723513
56.25	24.75	26.72189628
56.75	24.75	46.87008252
57.25	24.75	43.41205832
57.75	24.75	50.68215609
58.25	24.75	84.78341695
58.75	24.75	87.53626532
59.25	24.75	60.81043686
59.75	24.75	60.13424991
60.25	24.75	80.65119081
60.75	24.75	81.29462426
61.25	24.75	61.80665484
61.75	24.75	59.51789921
62.25	24.75	66.3344009
62.75	24.75	67.37927321
63.25	24.75	67.9266875
63.75	24.75	63.80926905
64.25	24.75	37.59698843
64.75	24.75	34.92941439
65.25	24.75	58.27705032
65.75	24.75	53.49649074
53.25	24.25	-28.15033956
53.75	24.25	-30.67411813
54.25	24.25	-20.25964054
54.75	24.25	-27.45204427
55.25	24.25	-71.08504303
55.75	24.25	-63.69137237
56.25	24.25	22.84535056
56.75	24.25	41.42012339
57.25	24.25	41.70199508
57.75	24.25	51.65963807
58.25	24.25	88.67786545
58.75	24.25	94.95838873
59.25	24.25	74.41915519
59.75	24.25	77.63177441
60.25	24.25	101.7400078
60.75	24.25	103.993503
61.25	24.25	85.09289756
61.75	24.25	82.78762221
62.25	24.25	88.77524751
62.75	24.25	88.12041117
63.25	24.25	85.26309508
63.75	24.25	79.80451353
64.25	24.25	53.7649308
64.75	24.25	51.60256821
65.25	24.25	75.62832449
65.75	24.25	67.80837957
53.25	23.75	-32.23432076
53.75	23.75	-34.93308571
54.25	23.75	-23.55696173
54.75	23.75	-27.74267766
55.25	23.75	-54.49827051
55.75	23.75	-54.01778781
56.25	23.75	-35.36675162
56.75	23.75	-22.67680911
57.25	23.75	7.264142959
57.75	23.75	22.95517383
58.25	23.75	74.46894449
58.75	23.75	89.32598622
59.25	23.75	127.3863012
59.75	23.75	139.0317442
60.25	23.75	184.4028506
60.75	23.75	191.2771734
61.25	23.75	199.1503812
61.75	23.75	196.7612638
62.25	23.75	171.0003319
62.75	23.75	166.1679069
63.25	23.75	152.0701012
63.75	23.75	146.7529906
64.25	23.75	129.7910262
64.75	23.75	125.239261
65.25	23.75	115.2323812
65.75	23.75	100.3957562
53.75	23.25	-31.22925567
54.25	23.25	-20.17001926
54.75	23.25	-22.87007111
55.25	23.25	-46.19602268
55.75	23.25	-47.60588316
56.25	23.25	-36.99872772
56.75	23.25	-28.09585119
57.25	23.25	0.972757069
57.75	23.25	15.46561861
58.25	23.25	64.63391059
58.75	23.25	79.29922634
59.25	23.25	119.1616168
59.75	23.25	131.0955902
60.25	23.25	175.278758
60.75	23.25	182.2579812
61.25	23.25	191.6244241
61.75	23.25	189.667389
62.25	23.25	163.4052182
62.75	23.25	158.3747273
63.25	23.25	144.4839516
63.75	23.25	140.058221
64.25	23.25	125.0103789
64.75	23.25	120.5036988
65.25	23.25	108.7889887
65.75	23.25	94.66155344
