53.25	23.25	104.130521
53.25	23.75	116.6670781
53.25	24.25	119.9502504
53.25	24.75	121.1653858
53.25	25.25	121.6905533
53.25	25.75	121.9280416
53.25	26.25	122.0219714
53.25	26.75	122.0219686
53.25	27.25	121.9279903
53.25	27.75	121.690483
53.25	28.25	121.1651858
53.25	28.75	119.9500641
53.25	29.25	116.6672298
53.25	29.75	104.1306913
53.75	23.25	112.3729051
53.75	23.75	126.8605684
53.75	24.25	130.6225264
53.75	24.75	131.9484104
53.75	25.25	132.4895617
53.75	25.75	132.7208565
53.75	26.25	132.8084141
53.75	26.75	132.80842
53.75	27.25	132.7208426
53.75	27.75	132.4895275
53.75	28.25	131.9482144
53.75	28.75	130.6223234
53.75	29.25	126.8606661
53.75	29.75	112.373022
54.25	23.25	77.96032086
54.25	23.75	90.06094058
54.25	24.25	93.46698273
54.25	24.75	94.66191206
54.25	25.25	95.12512491
54.25	25.75	95.30790252
54.25	26.25	95.37194952
54.25	26.75	95.37197628
54.25	27.25	95.30819712
54.25	27.75	95.12540697
54.25	28.25	94.66188413
54.25	28.75	93.46689274
54.25	29.25	90.06052796
54.25	29.75	77.95991919
54.75	23.25	65.77123141
54.75	23.75	75.01969047
54.75	24.25	77.55158974
54.75	24.75	78.39243083
54.75	25.25	78.67398882
54.75	25.75	78.75728054
54.75	26.25	78.77599526
54.75	26.75	78.77601633
54.75	27.25	78.75755289
54.75	27.75	78.67424776
54.75	28.25	78.3923954
54.75	28.75	77.55150646
54.75	29.25	75.01931234
54.75	29.75	65.77086535
55.25	23.25	27.49462458
55.25	23.75	32.35178084
55.25	24.25	33.63359286
55.25	24.75	33.92203819
55.25	25.25	33.91055157
55.25	25.75	33.83367724
55.25	26.25	33.77926995
55.25	26.75	33.77925654
55.25	27.25	33.83352495
55.25	27.75	33.91037631
55.25	28.25	33.92185251
55.25	28.75	33.6334465
55.25	29.25	32.35208753
55.25	29.75	27.4949535
55.75	23.25	12.58670156
55.75	23.75	13.63259224
55.75	24.25	13.37763554
55.75	24.75	12.87832212
55.75	25.25	12.42725209
55.75	25.75	12.1094511
55.75	26.25	11.94718586
55.75	26.75	11.94715931
55.75	27.25	12.10924521
55.75	27.75	12.42702265
55.75	28.25	12.87811801
55.75	28.75	13.37748711
55.75	29.25	13.63291655
55.75	29.75	12.58704837
56.25	23.25	-22.75601468
56.25	23.75	-26.64755112
56.25	24.25	-29.13326751
56.25	24.75	-30.89585608
56.25	25.25	-32.03136631
56.25	25.75	-32.71501368
56.25	26.25	-33.03806809
56.25	26.75	-33.0380923
56.25	27.25	-32.7151401
56.25	27.75	-32.03150507
56.25	28.25	-30.89595711
56.25	28.75	-29.13336124
56.25	29.25	-26.64771743
56.25	29.75	-22.75617117
56.75	23.25	-32.3112573
56.75	23.75	-40.23471564
56.75	24.25	-48.30658544
56.75	24.75	-52.58083869
56.75	25.25	-54.85250064
56.75	25.75	-56.12127741
56.75	26.25	-56.69517554
56.75	26.75	-56.69520136
56.75	27.25	-56.1214094
56.75	27.75	-54.85262622
56.75	28.25	-52.58087138
56.75	28.75	-48.30663625
56.75	29.25	-40.23497182
56.75	29.75	-32.31152415
57.25	23.25	-36.70442067
57.25	23.75	-49.23756705
57.25	24.25	-82.52280961
57.25	24.75	-91.41204219
57.25	25.25	-95.70265807
57.25	25.75	-98.01657536
57.25	26.25	-98.99830867
57.25	26.75	-98.99833885
57.25	27.25	-98.01679843
57.25	27.75	-95.70284123
57.25	28.25	-91.41180489
57.25	28.75	-82.52260283
57.25	29.25	-49.23792106
57.25	29.75	-36.70481991
57.75	23.25	-39.35504914
57.75	23.75	-54.3555406
57.75	24.25	-93.15935577
57.75	24.75	-106.0190305
57.75	25.25	-115.6356576
57.75	25.75	-120.1291396
57.75	26.25	-121.754852
57.75	26.75	-121.7548554
57.75	27.25	-120.1292655
57.75	27.75	-115.6357347
57.75	28.25	-106.0187281
57.75	28.75	-93.1591081
57.75	29.25	-54.35587415
57.75	29.75	-39.35543679
58.25	23.25	-40.98886197
58.25	23.75	-57.13907365
58.25	24.25	-97.95152522
58.25	24.75	-115.2703424
58.25	25.25	-146.5523536
58.25	25.75	-154.8506597
58.25	26.25	-157.2668363
58.25	26.75	-157.2667726
58.25	27.25	-154.8502988
58.25	27.75	-146.5519612
58.25	28.25	-115.2700994
58.25	28.75	-97.95138295
58.25	29.25	-57.1392409
58.25	29.75	-40.98906515
58.75	23.25	-41.94237964
58.75	23.75	-58.66897696
58.75	24.25	-100.4955975
58.75	24.75	-120.0404519
58.75	25.25	-156.105622
58.75	25.75	-166.38108
58.75	26.25	-169.3651232
58.75	26.75	-169.3650223
58.75	27.25	-166.3805815
58.75	27.75	-156.1051249
58.75	28.25	-120.0402951
58.75	28.75	-100.4955588
58.75	29.25	-58.66909857
58.75	29.75	-41.9425033
59.25	23.25	-42.38480848
59.25	23.75	-59.36056558
59.25	24.25	-101.6097441
59.25	24.75	-121.9053974
59.25	25.25	-159.0188172
59.25	25.75	-169.9546548
59.25	26.25	-173.1931922
59.25	26.75	-173.1930751
59.25	27.25	-169.9540409
59.25	27.75	-159.0182619
59.25	28.25	-121.90572
59.25	28.75	-101.6101763
59.25	29.25	-59.36047908
59.25	29.75	-42.38466637
59.75	23.25	-42.384769
59.75	23.75	-59.36053922
59.75	24.25	-101.6097843
59.75	24.75	-121.9054271
59.75	25.25	-159.0187562
59.75	25.75	-169.9546013
59.75	26.25	-173.1932491
59.75	26.75	-173.1931551
59.75	27.25	-169.9540733
59.75	27.75	-159.0182853
59.75	28.25	-121.9057674
59.75	28.75	-101.6102252
59.75	29.25	-59.36051071
59.75	29.75	-42.38468675
60.25	23.25	-41.94212461
60.25	23.75	-58.66876144
60.25	24.25	-100.4958792
60.25	24.75	-120.0407008
60.25	25.25	-156.1052663
60.25	25.75	-166.3807468
60.25	26.25	-169.3654622
60.25	26.75	-169.3654341
60.25	27.25	-166.3806791
60.25	27.75	-156.1051962
60.25	28.25	-120.0405469
60.25	28.75	-100.4958132
60.25	29.25	-58.66925424
60.25	29.75	-41.94262384
60.75	23.25	-40.98863802
60.75	23.75	-57.1388603
60.75	24.25	-97.9517033
60.75	24.75	-115.2704868
60.75	25.25	-146.5519938
60.75	25.75	-154.8503244
60.75	26.25	-157.2670748
60.75	26.75	-157.2670848
60.75	27.25	-154.8503973
60.75	27.75	-146.5520522
60.75	28.25	-115.2703269
60.75	28.75	-97.95158632
60.75	29.25	-57.13931071
60.75	29.75	-40.98910674
61.25	23.25	-39.35523987
61.25	23.75	-54.35565336
61.25	24.25	-93.15878913
61.25	24.75	-106.0184506
61.25	25.25	-115.6356987
61.25	25.75	-120.1291976
61.25	26.25	-121.7543162
61.25	26.75	-121.7543456
61.25	27.25	-120.1294032
61.25	27.75	-115.6359199
61.25	28.25	-106.0186335
61.25	28.75	-93.15892876
61.25	29.25	-54.35540665
61.25	29.75	-39.35498054
61.75	23.25	-36.70465777
61.75	23.75	-49.23771717
61.75	24.25	-82.52222335
61.75	24.75	-91.41145896
61.75	25.25	-95.70279156
61.75	25.75	-98.01673357
61.75	26.25	-98.99780672
61.75	26.75	-98.99782756
61.75	27.25	-98.01690053
61.75	27.75	-95.70297071
61.75	28.25	-91.41162001
61.75	28.75	-82.52234798
61.75	29.25	-49.23745909
61.75	29.75	-36.70439043
62.25	23.25	-32.31133737
62.25	23.75	-40.23477666
62.25	24.25	-48.3066038
62.25	24.75	-52.58087909
62.25	25.25	-54.85265167
62.25	25.75	-56.12147769
62.25	26.25	-56.69563024
62.25	26.75	-56.69561697
62.25	27.25	-56.12131804
62.25	27.75	-54.85246406
62.25	28.25	-52.58059698
62.25	28.75	-48.3063838
62.25	29.25	-40.23516628
62.25	29.75	-32.31175896
62.75	23.25	-22.75596919
62.75	23.75	-26.64751963
62.75	24.25	-29.13337603
62.75	24.75	-30.89602354
62.75	25.25	-32.03157681
62.75	25.75	-32.71524095
62.75	26.25	-33.0385185
62.75	26.75	-33.03850077
62.75	27.25	-32.715066
62.75	27.75	-32.03136924
62.75	28.25	-30.89572005
62.75	28.75	-29.13315517
62.75	29.25	-26.64797148
62.75	29.75	-22.75645825
63.25	23.25	12.58734852
63.25	23.75	13.63322132
63.25	24.25	13.37761633
63.25	24.75	12.87817597
63.25	25.25	12.42681401
63.25	25.75	12.1090977
63.25	26.25	11.94792392
63.25	26.75	11.94791757
63.25	27.25	12.1089756
63.25	27.75	12.42669362
63.25	28.25	12.87811062
63.25	28.75	13.37752237
63.25	29.25	13.63306044
63.25	29.75	12.58718188
63.75	23.25	27.49525439
63.75	23.75	32.3523948
63.75	24.25	33.63358439
63.75	24.75	33.92191949
63.75	25.25	33.9101709
63.75	25.75	33.8333809
63.75	26.25	33.78002955
63.75	26.75	33.78002277
63.75	27.25	33.83325571
63.75	27.75	33.9100367
63.75	28.25	33.92181223
63.75	28.75	33.63346812
63.75	29.25	32.35230078
63.75	29.75	27.49516646
64.25	23.25	65.77111426
64.25	23.75	75.01956059
64.25	24.25	77.55155263
64.25	24.75	78.3923899
64.25	25.25	78.6741884
64.25	25.75	78.75746042
64.25	26.25	78.77549709
64.25	26.75	78.7755166
64.25	27.25	78.75767475
64.25	27.75	78.67439949
64.25	28.25	78.39242235
64.25	28.75	77.55156246
64.25	29.25	75.01957743
64.25	29.75	65.77113242
64.75	23.25	77.96014919
64.75	23.75	90.06075197
64.75	24.25	93.4669089
64.75	24.75	94.66185706
64.75	25.25	95.12535256
64.75	25.75	95.30808232
64.75	26.25	95.3713224
64.75	26.75	95.37135212
64.75	27.25	95.30834051
64.75	27.75	95.12560447
64.75	28.25	94.66188831
64.75	28.75	93.46690983
64.75	29.25	90.06077279
64.75	29.75	77.96017499
65.25	23.25	112.3732505
65.25	23.75	126.860883
65.25	24.25	130.6222524
65.25	24.75	131.9481026
65.25	25.25	132.4894125
65.25	25.75	132.7206983
65.25	26.25	132.8081736
65.25	26.75	132.8082009
65.25	27.25	132.7209319
65.25	27.75	132.4896239
65.25	28.25	131.9478784
65.25	28.75	130.6219957
65.25	29.25	126.8608076
65.25	29.75	112.3731963
65.75	23.25	104.1308925
65.75	23.75	116.6674198
65.75	24.25	119.9499851
65.75	24.75	121.1650743
65.75	25.25	121.6903749
65.75	25.75	121.92787
65.75	26.25	122.0217975
65.75	26.75	122.021818
65.75	27.25	121.9280746
65.75	27.75	121.6905563
65.75	28.25	121.1648378
65.75	28.75	119.949722
65.75	29.25	116.6673388
65.75	29.75	104.1308339
