> Faille de Minab
  56.8129   28.0085 46.453140
  56.8537   27.9528 46.581005
  56.8751   27.9054 46.643135
  56.8833   27.7825 46.647644
  56.8833   27.7058 46.711040
  56.9016   27.6265 46.810078
  56.9325   27.5569 46.944561
  56.9797   27.4848 47.144207
  57.0189   27.4574 47.290886
  57.0589   27.4160 47.503078
  57.1153   27.3515 47.676300
  57.1534   27.2684 47.832310
  57.1851   27.2063 47.978886
  57.2153   27.1192 48.076870
  57.2384   27.0303 48.173058
  57.2464   26.9513 48.220840
  57.2536   26.8702 48.290909
  57.2582   26.7978 48.295307
  57.2641   26.7368 48.339954
  57.2953   26.6571 48.466827
  57.3217   26.5711 48.626686
  57.3600   26.4936 48.790337
  57.3965   26.4198 48.927349
  57.4261   26.3348 48.986050
  57.4264   26.2621 48.981209
  57.4190   26.1861 48.960567
  57.4128   26.1064 48.922535
  57.4071   26.0480 48.917961
  57.4015   26.0246 48.995815
  57.4176   25.9769 48.943668
  57.4042   25.9231 48.907314
  57.3863   25.8785 48.842335
  57.3786   25.8264 48.833324
  57.5344   24.7203 48.833324