# Command : blockmean Moho_Makran_2018_1deg.txt -I0.2 -R53/23/66/30r -h1 -V
54.5	29.5	44.9965400696
55.5	29.5	44.3017425537
56.5	29.5	40.5787696838
57.5	29.5	41.8184547424
58.5	29.5	38.5263252258
59.5	29.5	41.0768051147
60.5	29.5	43.3509597778
61.5	29.5	46.4266433716
62.5	29.5	45.3920707703
63.5	29.5	39.7555160522
64.5	29.5	40.2631797791
65.5	29.5	39.4782524109
53.5	28.5	40.2241706848
54.5	28.5	40.8137130737
55.5	28.5	43.7432861328
56.5	28.5	40.2667884827
57.5	28.5	39.17370224
58.5	28.5	38.2743873596
59.5	28.5	40.563583374
60.5	28.5	46.0511741638
61.5	28.5	46.7106285095
62.5	28.5	44.7783241272
63.5	28.5	40.4170265198
64.5	28.5	39.6923027039
65.5	28.5	39.1401176453
53.5	27.5	41.2698059082
54.5	27.5	39.3342933655
55.5	27.5	40.0207824707
56.5	27.5	38.4392204285
57.5	27.5	38.2276229858
58.5	27.5	40.0035324097
59.5	27.5	42.4191017151
60.5	27.5	43.5815467834
61.5	27.5	42.039352417
62.5	27.5	38.9348907471
63.5	27.5	37.4646835327
64.5	27.5	38.1871643066
65.5	27.5	38.203453064
53.5	26.5	38.3570098877
54.5	26.5	36.9155311584
55.5	26.5	37.5106430054
56.5	26.5	37.653339386
57.5	26.5	37.8716964722
58.5	26.5	40.0419845581
59.5	26.5	42.1455116272
60.5	26.5	42.2896652222
61.5	26.5	41.9127311707
62.5	26.5	40.2433662415
63.5	26.5	37.7608146667
64.5	26.5	39.6652412415
65.5	26.5	38.6579017639
53.5	25.5	33.4197654724
54.5	25.5	33.6007194519
55.5	25.5	35.6623725891
56.5	25.5	37.5492591858
57.5	25.5	36.7716903687
58.5	25.5	35.7612800598
59.5	25.5	35.2926292419
60.5	25.5	37.3668670654
61.5	25.5	39.045665741
62.5	25.5	38.6741638184
63.5	25.5	36.8985671997
64.5	25.5	36.9335403442
65.5	25.5	35.4466819763
53.5	24.5	33.070602417
54.5	24.5	34.9282264709
55.5	24.5	36.4489746094
56.5	24.5	37.0972862244
57.5	24.5	35.2376708984
58.5	24.5	32.9560585022
59.5	24.5	30.1313056946
60.5	24.5	30.507390976
61.5	24.5	31.66822052
62.5	24.5	31.8144626617
63.5	24.5	31.5353889465
64.5	24.5	31.3009090424
65.5	24.5	31.5824813843
53.5	23.5	35.3828887939
54.5	23.5	36.5955581665
55.5	23.5	36.0274848938
56.5	23.5	35.3695793152
57.5	23.5	33.6774940491
58.5	23.5	31.4358787537
59.5	23.5	26.5337848663
60.5	23.5	23.3754043579
61.5	23.5	23.2786617279
62.5	23.5	23.1829566956
63.5	23.5	23.2314739227
64.5	23.5	23.3125019073
65.5	23.5	23.9984111786
