# Command : blockmean b.txt -I0.2 -R53/23/66/30r -h1 -V
53.25	29.75	-77.15339835
53.75	29.75	-93.18838126
54.25	29.75	-104.9689373
54.75	29.75	-122.1423915
55.25	29.75	-114.2768673
55.75	29.75	-104.6066221
56.25	29.75	-83.92271921
56.75	29.75	-87.46372724
57.25	29.75	-51.14175535
57.75	29.75	-48.57147612
58.25	29.75	-58.33066368
58.75	29.75	-49.01456829
59.25	29.75	-53.53874024
59.75	29.75	-58.51685816
60.25	29.75	-56.77340504
60.75	29.75	-52.37345791
61.25	29.75	-56.22166314
61.75	29.75	-67.30734855
62.25	29.75	-66.17472717
62.75	29.75	-67.61395111
63.25	29.75	-59.4748846
63.75	29.75	-64.78597647
64.25	29.75	-65.56660559
64.75	29.75	-64.44217696
65.25	29.75	-66.44932299
65.75	29.75	-60.48157447
53.25	29.25	-87.2037559
53.75	29.25	-105.8919258
54.25	29.25	-129.799925
54.75	29.25	-139.8669349
55.25	29.25	-124.8811682
55.75	29.25	-111.752956
56.25	29.25	-111.6438124
56.75	29.25	-100.3568618
57.25	29.25	-76.75346767
57.75	29.25	-54.0486675
58.25	29.25	-64.01161354
58.75	29.25	-70.14943962
59.25	29.25	-74.74336617
59.75	29.25	-66.02615339
60.25	29.25	-60.19740038
60.75	29.25	-61.47544847
61.25	29.25	-75.44110598
61.75	29.25	-79.28458259
62.25	29.25	-79.12312683
62.75	29.25	-76.67152765
63.25	29.25	-71.5614287
63.75	29.25	-80.54081716
64.25	29.25	-84.59227561
64.75	29.25	-76.74372105
65.25	29.25	-67.44627652
65.75	29.25	-60.67974487
53.25	28.75	-89.46460739
53.75	28.75	-116.3122483
54.25	28.75	-122.7189989
54.75	28.75	-123.8773401
55.25	28.75	-128.1319648
55.75	28.75	-126.4856709
56.25	28.75	-120.4389506
56.75	28.75	-109.1616808
57.25	28.75	-93.01353138
57.75	28.75	-92.27170586
58.25	28.75	-74.4437065
58.75	28.75	-70.81518524
59.25	28.75	-84.48054698
59.75	28.75	-79.01623354
60.25	28.75	-85.68520197
60.75	28.75	-72.90802995
61.25	28.75	-72.36648456
61.75	28.75	-75.52613813
62.25	28.75	-86.6313287
62.75	28.75	-82.09914683
63.25	28.75	-72.86147342
63.75	28.75	-83.73393204
64.25	28.75	-69.86180994
64.75	28.75	-77.31653052
65.25	28.75	-69.27613911
65.75	28.75	-61.31833308
53.25	28.25	-89.22247773
53.75	28.25	-102.969804
54.25	28.25	-108.3172379
54.75	28.25	-110.9772597
55.25	28.25	-115.0519048
55.75	28.25	-122.2769304
56.25	28.25	-107.9109884
56.75	28.25	-114.6499802
57.25	28.25	-93.85677939
57.75	28.25	-91.64979427
58.25	28.25	-77.43817911
58.75	28.25	-74.00929598
59.25	28.25	-91.14674509
59.75	28.25	-91.94076108
60.25	28.25	-81.46861175
60.75	28.25	-85.66444602
61.25	28.25	-82.61310129
61.75	28.25	-74.09044133
62.25	28.25	-84.96308857
62.75	28.25	-82.95553928
63.25	28.25	-83.06949974
63.75	28.25	-78.11359238
64.25	28.25	-67.73508894
64.75	28.25	-70.53627656
65.25	28.25	-60.49742773
65.75	28.25	-49.88658247
53.25	27.75	-62.37993714
53.75	27.75	-76.94602119
54.25	27.75	-77.37786972
54.75	27.75	-87.32049227
55.25	27.75	-97.51306827
55.75	27.75	-93.18488279
56.25	27.75	-105.5015328
56.75	27.75	-97.21118499
57.25	27.75	-81.84481263
57.75	27.75	-93.72218093
58.25	27.75	-81.63960755
58.75	27.75	-82.24517784
59.25	27.75	-85.3180687
59.75	27.75	-86.67103739
60.25	27.75	-91.04157501
60.75	27.75	-86.05877395
61.25	27.75	-82.35780018
61.75	27.75	-72.54720953
62.25	27.75	-71.5213149
62.75	27.75	-65.9163464
63.25	27.75	-56.45178762
63.75	27.75	-58.02060571
64.25	27.75	-64.41688964
64.75	27.75	-53.74115454
65.25	27.75	-40.81408521
65.75	27.75	-25.8104859
53.25	27.25	-57.40642998
53.75	27.25	-67.48112516
54.25	27.25	-65.69160884
54.75	27.25	-79.45341914
55.25	27.25	-87.80208278
55.75	27.25	-81.24087783
56.25	27.25	-91.99637191
56.75	27.25	-85.44704171
57.25	27.25	-94.02779381
57.75	27.25	-83.21418637
58.25	27.25	-80.39036935
58.75	27.25	-80.81386164
59.25	27.25	-79.72224578
59.75	27.25	-77.86338872
60.25	27.25	-82.26031505
60.75	27.25	-75.6774752
61.25	27.25	-73.91811639
61.75	27.25	-66.72601893
62.25	27.25	-62.22977961
62.75	27.25	-47.80697738
63.25	27.25	-55.93393803
63.75	27.25	-32.09442383
64.25	27.25	-45.17985453
64.75	27.25	-45.12743899
65.25	27.25	-43.17235404
65.75	27.25	-23.88697991
53.25	26.75	-58.42928137
53.75	26.75	-66.3541056
54.25	26.75	-69.00505856
54.75	26.75	-56.59358866
55.25	26.75	-74.40805271
55.75	26.75	-79.18922219
56.25	26.75	-88.56079216
56.75	26.75	-88.18054577
57.25	26.75	-96.10165927
57.75	26.75	-91.51161414
58.25	26.75	-64.96820792
58.75	26.75	-61.28374712
59.25	26.75	-56.57124737
59.75	26.75	-52.73593588
60.25	26.75	-43.86579543
60.75	26.75	-35.78453916
61.25	26.75	-20.27343472
61.75	26.75	-31.18977098
62.25	26.75	-20.11817302
62.75	26.75	-13.14820727
63.25	26.75	-15.22117053
63.75	26.75	-12.87588972
64.25	26.75	-17.05394308
64.75	26.75	-25.74400021
65.25	26.75	-23.01677044
65.75	26.75	-15.04284493
53.25	26.25	-52.32774845
53.75	26.25	-66.05361654
54.25	26.25	-63.65925153
54.75	26.25	-66.79513771
55.25	26.25	-78.89489539
55.75	26.25	-79.38720732
56.25	26.25	-84.29630182
56.75	26.25	-86.0231749
57.25	26.25	-80.87129066
57.75	26.25	-79.42619464
58.25	26.25	-46.44699258
58.75	26.25	-48.69902447
59.25	26.25	-50.36301472
59.75	26.25	-37.89533595
60.25	26.25	-22.22397896
60.75	26.25	-12.94824249
61.25	26.25	-7.544832549
61.75	26.25	-2.764557438
62.25	26.25	-3.778409434
62.75	26.25	6.523541104
63.25	26.25	-4.224192821
63.75	26.25	-4.104254932
64.25	26.25	-7.760872797
64.75	26.25	-5.515388703
65.25	26.25	-13.61831797
65.75	26.25	-4.162995284
53.25	25.75	-43.32309516
53.75	25.75	-56.14418663
54.25	25.75	-63.91465681
54.75	25.75	-63.33522637
55.25	25.75	-75.03707149
55.75	25.75	-70.45633959
56.25	25.75	-75.66946511
56.75	25.75	-77.27767675
57.25	25.75	-70.1799226
57.75	25.75	-47.84138986
58.25	25.75	-0.086606302
58.75	25.75	10.7717988
59.25	25.75	16.01120759
59.75	25.75	19.93890291
60.25	25.75	41.84824407
60.75	25.75	48.47570408
61.25	25.75	50.71273487
61.75	25.75	57.05483339
62.25	25.75	45.35719152
62.75	25.75	50.34062627
63.25	25.75	41.78877383
63.75	25.75	47.87449392
64.25	25.75	39.19423373
64.75	25.75	38.6920995
65.25	25.75	35.99544112
65.75	25.75	19.77190154
53.25	25.25	-41.89952169
53.75	25.25	-62.4487535
54.25	25.25	-63.2587627
54.75	25.25	-68.76327854
55.25	25.25	-76.15401837
55.75	25.25	-66.78625769
56.25	25.25	-72.04166901
56.75	25.25	-72.96330069
57.25	25.25	-54.94207297
57.75	25.25	-25.8047813
58.25	25.25	26.88443686
58.75	25.25	52.55471415
59.25	25.25	52.31130224
59.75	25.25	57.46922092
60.25	25.25	71.08913724
60.75	25.25	75.5152604
61.25	25.25	84.32781401
61.75	25.25	75.44548249
62.25	25.25	75.54131466
62.75	25.25	78.81699754
63.25	25.25	69.19765185
63.75	25.25	75.36120889
64.25	25.25	73.02644636
64.75	25.25	59.49010667
65.25	25.25	43.06972727
65.75	25.25	31.01251291
53.25	24.75	-58.39086826
53.75	24.75	-70.53529772
54.25	24.75	-60.23788912
54.75	24.75	-69.61496809
55.25	24.75	-57.00619618
55.75	24.75	-68.62625343
56.25	24.75	-72.39718704
56.75	24.75	-56.95203315
57.25	24.75	-29.72385823
57.75	24.75	-1.095226078
58.25	24.75	176.7297697
58.75	24.75	207.5438897
59.25	24.75	214.9449519
59.75	24.75	227.2959985
60.25	24.75	226.0059233
60.75	24.75	227.3680989
61.25	24.75	160.6649974
61.75	24.75	156.3759467
62.25	24.75	164.6661967
62.75	24.75	164.910253
63.25	24.75	237.7157436
63.75	24.75	240.6094195
64.25	24.75	237.5419968
64.75	24.75	221.6655221
65.25	24.75	87.39261841
65.75	24.75	65.65427348
53.25	24.25	-47.84804007
53.75	24.25	-59.84222466
54.25	24.25	-61.9109233
54.75	24.25	-62.06462428
55.25	24.25	-53.1201051
55.75	24.25	-58.74202949
56.25	24.25	-62.42766484
56.75	24.25	-60.62637011
57.25	24.25	-29.62669897
57.75	24.25	0.265387849
58.25	24.25	172.0030244
58.75	24.25	209.4867752
59.25	24.25	230.1855031
59.75	24.25	252.397903
60.25	24.25	250.5445007
60.75	24.25	244.5602053
61.25	24.25	189.6284608
61.75	24.25	177.5783865
62.25	24.25	171.4135222
62.75	24.25	184.1979492
63.25	24.25	246.6790625
63.75	24.25	265.0003182
64.25	24.25	258.2550142
64.75	24.25	227.722648
65.25	24.25	102.9462337
65.75	24.25	76.68355579
53.25	23.75	-51.34430555
53.75	23.75	-57.66633882
54.25	23.75	-57.16198876
54.75	23.75	-65.2521821
55.25	23.75	-50.40158769
55.75	23.75	-56.70446014
56.25	23.75	-51.87266998
56.75	23.75	-51.29102876
57.25	23.75	-47.97977717
57.75	23.75	-33.02362466
58.25	23.75	15.23958435
58.75	23.75	47.90529144
59.25	23.75	210.3804061
59.75	23.75	243.998715
60.25	23.75	235.2214972
60.75	23.75	234.7312857
61.25	23.75	243.2464497
61.75	23.75	241.1282885
62.25	23.75	239.6186609
62.75	23.75	239.8176839
63.25	23.75	249.3718674
63.75	23.75	256.6968505
64.25	23.75	249.3951614
64.75	23.75	236.65246
65.25	23.75	156.9256542
65.75	23.75	127.2420495
53.75	23.25	-46.21463287
54.25	23.25	-55.82902393
54.75	23.25	-54.05604061
55.25	23.25	-39.23944703
55.75	23.25	-44.75344693
56.25	23.25	-56.09544337
56.75	23.25	-40.70847242
57.25	23.25	-45.46869915
57.75	23.25	-36.06242974
58.25	23.25	-15.02794622
58.75	23.25	21.41488989
59.25	23.25	176.5723302
59.75	23.25	207.4089719
60.25	23.25	221.2997214
60.75	23.25	226.1583286
61.25	23.25	213.1524077
61.75	23.25	207.5675275
62.25	23.25	214.0988176
62.75	23.25	228.0307324
63.25	23.25	236.7623357
63.75	23.25	233.9221587
64.25	23.25	228.544053
64.75	23.25	210.7528216
65.25	23.25	139.9558607
65.75	23.25	113.436531
