> MZT
  46.0321   35.4844 6.611908
  46.1625   35.4141 7.094763
  46.2716   35.3537 7.453633
  46.3901   35.2786 7.753503
  46.4679   35.2020 8.077961
  46.5648   35.1258 8.425333
  46.6617   35.0312 8.767052
  46.7609   34.9388 9.042010
  46.8475   34.8819 9.385866
  46.9707   34.8294 9.842338
  47.1019   34.7587 10.292963
  47.2191   34.7121 10.793604
  47.3618   34.6374 11.329816
  47.5373   34.5697 11.948779
  47.6798   34.5084 12.419060
  47.8378   34.4433 12.991672
  47.9921   34.3585 13.480803
  48.1150   34.2712 13.992214
  48.2804   34.1611 14.789705
  48.5077   33.9977 15.307974
  48.6489   33.8709 15.906617
  48.8335   33.6934 16.453773
  48.9717   33.5774 16.957211
  49.0974   33.4636 17.364355
  49.1995   33.3716 17.729706
  49.2959   33.2944 18.002161
  49.4097   33.2112 18.482372
  49.5154   33.1261 18.848045
  49.6106   33.0529 19.301746
  49.7300   32.9725 19.642387
  49.8195   32.8997 19.917862
  49.8994   32.8450 20.275002
  49.9942   32.7621 20.578848
  50.0903   32.6821 20.818558
  50.1580   32.6024 21.040289
  50.2248   32.5403 21.368927
  50.3037   32.4664 21.644585
  50.3786   32.3868 21.935331
  50.4679   32.3209 22.345957
  50.5812   32.2415 22.700142
  50.6803   32.1762 23.069811
  50.7900   32.0973 23.509121
  50.9076   32.0128 23.860231
  51.0016   31.9501 24.337681
  51.1155   31.8599 24.672543
  51.2272   31.7814 25.162071
  51.3727   31.7029 25.613718
  51.4675   31.6288 25.934200
  51.5689   31.5697 26.402666
  51.6773   31.4837 26.741955
  51.7775   31.3954 27.093056
  51.8638   31.3212 27.425026
  51.9757   31.2445 27.823067
  52.0750   31.1767 28.218670
  52.1763   31.1173 28.658440
  52.2734   31.0505 28.937063
  52.3689   30.9769 29.390182
  52.4775   30.9021 29.748547
  52.5762   30.8401 30.156733
  52.6806   30.7751 30.512915
  52.7915   30.7050 30.896448
  52.8769   30.6574 31.339056
  53.0041   30.5986 31.803362
  53.1076   30.5489 32.156792
  53.1787   30.5215 32.388817
  53.2827   30.4695 32.750973
  53.3780   30.4135 33.257965
  53.5073   30.3328 33.679756
  53.6127   30.2489 34.084335
  53.7549   30.1293 34.656033
  53.8897   30.0372 35.121166
  54.0058   29.9605 35.495892
  54.0895   29.8578 35.781425
  54.1483   29.7342 35.934753
  54.1664   29.6040 35.984722
  54.2094   29.4850 36.208290
  54.2601   29.3842 36.406322
  54.3140   29.3082 36.645969
  54.3805   29.2204 36.931255
  54.4665   29.1428 37.329170
  54.5681   29.0862 37.726963
  54.6778   29.0259 38.155952
  54.7885   28.9603 38.596046
  54.8934   28.8850 38.946384
  54.9713   28.8161 39.269939
  55.0637   28.7250 39.641525
  55.1601   28.6428 40.023705
  55.2562   28.5724 40.331417
  55.3430   28.5107 40.711609
  55.4364   28.4436 41.109142
  55.5408   28.3971 41.566711
  55.6291   28.3626 41.727474
  55.6902   28.3392 42.064793
  55.7749   28.3150 42.391914
  55.8515   28.3207 42.737667
  55.9338   28.3404 43.106979
  56.0369   28.3261 43.476727
  56.1536   28.3031 44.010647
  56.2543   28.2830 44.306042
  56.3468   28.2402 44.615822
  56.4286   28.2047 44.879181
  56.4938   28.1916 45.235512
  56.5970   28.1625 45.660667
  56.6792   28.1359 45.976341
  56.7572   28.0712 46.289764

