# Command : blockmean f.txt -I0.2 -R53/23/66/30r -h1 -V
53.25	29.75	-0.000144547
53.75	29.75	-0.000174727
54.25	29.75	-0.000255152
54.75	29.75	-0.000233482
55.25	29.75	2.28e-005
55.75	29.75	4.48e-005
56.25	29.75	-4.81e-005
56.75	29.75	-8.68e-005
57.25	29.75	-0.000219154
57.75	29.75	-0.000233716
58.25	29.75	-0.000180402
58.75	29.75	-0.000130601
59.25	29.75	0.0001
59.75	29.75	7.96e-005
60.25	29.75	-0.000251141
60.75	29.75	-0.000221997
61.25	29.75	0.000222534
61.75	29.75	0.000210322
62.25	29.75	-0.00032164
62.75	29.75	-0.000335219
63.25	29.75	0.000178348
63.75	29.75	0.000235804
64.25	29.75	3.36e-005
64.75	29.75	6.49e-007
65.25	29.75	-4.65e-007
65.75	29.75	-1.94e-006
53.25	29.25	-0.000120936
53.75	29.25	-0.00014953
54.25	29.25	-0.000240651
54.75	29.25	-0.000230876
55.25	29.25	7.61e-006
55.75	29.25	3.08e-005
56.25	29.25	-4.11e-005
56.75	29.25	-6.36e-005
57.25	29.25	-0.000179433
57.75	29.25	-0.000190846
58.25	29.25	-0.000148099
58.75	29.25	-0.00012017
59.25	29.25	6.99e-005
59.75	29.25	3.83e-005
60.25	29.25	-0.000275843
60.75	29.25	-0.000217915
61.25	29.25	0.000276648
61.75	29.25	0.000282534
62.25	29.25	-0.000258105
62.75	29.25	-0.000295168
63.25	29.25	0.000174683
63.75	29.25	0.000220869
64.25	29.25	3.42e-005
64.75	29.25	4.18e-006
65.25	29.25	-8.04e-006
65.75	29.25	-1.19e-005
53.25	28.75	0.00022094
53.75	28.75	0.00021895
54.25	28.75	5.91e-005
54.75	28.75	1.56e-005
55.25	28.75	-0.000169512
55.75	28.75	-0.000160207
56.25	28.75	4.28e-005
56.75	28.75	9.25e-005
57.25	28.75	0.000190186
57.75	28.75	0.000197956
58.25	28.75	0.000139491
58.75	28.75	7.44e-005
59.25	28.75	-0.000229336
59.75	28.75	-0.00027823
60.25	28.75	-0.000180063
60.75	28.75	-6.39e-005
61.25	28.75	0.000377295
61.75	28.75	0.000445032
62.25	28.75	0.000344976
62.75	28.75	0.000248837
63.25	28.75	-0.000124944
63.75	28.75	-0.000147891
64.25	28.75	7.16e-005
64.75	28.75	7.62e-005
65.25	28.75	-0.000108656
65.75	28.75	-0.000121189
53.25	28.25	0.00023639
53.75	28.25	0.000241275
54.25	28.25	8.99e-005
54.75	28.25	4.8e-005
55.25	28.25	-0.000141294
55.75	28.25	-0.000140322
56.25	28.25	4.78e-005
56.75	28.25	9.97e-005
57.25	28.25	0.000216416
57.75	28.25	0.000227005
58.25	28.25	0.000157321
58.75	28.25	0.000105655
59.25	28.25	-0.000160058
59.75	28.25	-0.000207463
60.25	28.25	-0.000146179
60.75	28.25	-7.02e-005
61.25	28.25	0.000321581
61.75	28.25	0.000401293
62.25	28.25	0.000374087
62.75	28.25	0.000284841
63.25	28.25	-0.00014771
63.75	28.25	-0.000181576
64.25	28.25	7.5e-005
64.75	28.25	9.41e-005
65.25	28.25	-9.47e-005
65.75	28.25	-0.000111512
53.25	27.75	-4.6e-006
53.75	27.75	-4.58e-006
54.25	27.75	-4.51e-006
54.75	27.75	9.25e-006
55.25	27.75	0.000196736
55.75	27.75	0.000184991
56.25	27.75	-5.49e-005
56.75	27.75	-6.96e-005
57.25	27.75	1.49e-005
57.75	27.75	1.6e-005
58.25	27.75	-8.04e-005
58.75	27.75	-4.4e-006
59.25	27.75	0.000433602
59.75	27.75	0.000410179
60.25	27.75	-7.56e-005
60.75	27.75	-0.000171306
61.25	27.75	-0.000169179
61.75	27.75	-0.000114545
62.25	27.75	9.25e-005
62.75	27.75	8.09e-005
63.25	27.75	-0.000144033
63.75	27.75	-0.000142875
64.25	27.75	0.000160976
64.75	27.75	0.000192983
65.25	27.75	9.19e-005
65.75	27.75	6.87e-005
53.25	27.25	1.97e-005
53.75	27.25	2.68e-005
54.25	27.25	2.87e-005
54.75	27.25	2.82e-005
55.25	27.25	0.000179739
55.75	27.25	0.000164394
56.25	27.25	-5.38e-005
56.75	27.25	-9.22e-005
57.25	27.25	-7.85e-005
57.75	27.25	-5.39e-005
58.25	27.25	-2.64e-005
58.75	27.25	9.01e-005
59.25	27.25	0.000497906
59.75	27.25	0.000465437
60.25	27.25	-7.47e-006
60.75	27.25	-0.000124942
61.25	27.25	-0.000191645
61.75	27.25	-0.000180596
62.25	27.25	-8.83e-007
62.75	27.25	2.03e-005
63.25	27.25	-0.000105206
63.75	27.25	-8.95e-005
64.25	27.25	0.000150051
64.75	27.25	0.000172119
65.25	27.25	0.00011607
65.75	27.25	0.000103964
53.25	26.75	0.000459712
53.75	26.75	0.000495076
54.25	26.75	0.0003731
54.75	26.75	0.000271516
55.25	26.75	-0.000360508
55.75	26.75	-0.000369632
56.25	26.75	0.000160639
56.75	26.75	0.000120353
57.25	26.75	-0.000474533
57.75	26.75	-0.000382163
58.25	26.75	0.000562088
58.75	26.75	0.000663865
59.25	26.75	0.000119619
59.75	26.75	3.96e-005
60.25	26.75	0.000252045
60.75	26.75	0.000249868
61.25	26.75	0.000127707
61.75	26.75	3.68e-005
62.25	26.75	-0.000295259
62.75	26.75	-0.000247836
63.25	26.75	0.000388636
63.75	26.75	0.000405722
64.25	26.75	-0.000228211
64.75	26.75	-0.000251056
65.25	26.75	0.000275984
65.75	26.75	0.000309083
53.25	26.25	0.000462461
53.75	26.25	0.000489211
54.25	26.25	0.000346344
54.75	26.25	0.000250443
55.25	26.25	-0.0003471
55.75	26.25	-0.000343076
56.25	26.25	0.000184849
56.75	26.25	0.000146171
57.25	26.25	-0.000444353
57.75	26.25	-0.000378757
58.25	26.25	0.00049845
58.75	26.25	0.00056294
59.25	26.25	2.55e-006
59.75	26.25	-5.44e-005
60.25	26.25	0.000223973
60.75	26.25	0.000259878
61.25	26.25	0.000157102
61.75	26.25	5.76e-005
62.25	26.25	-0.000308531
62.75	26.25	-0.00026557
63.25	26.25	0.000394977
63.75	26.25	0.000412498
64.25	26.25	-0.000247718
64.75	26.25	-0.000280776
65.25	26.25	0.000248724
65.75	26.25	0.000288541
53.25	25.75	7.1e-005
53.75	25.75	4.07e-005
54.25	25.75	-0.000265872
54.75	25.75	-0.000244156
55.25	25.75	0.000332026
55.75	25.75	0.000370289
56.25	25.75	7.27e-005
56.75	25.75	3.98e-005
57.25	25.75	0.000144572
57.75	25.75	7.2e-005
58.25	25.75	-0.000387352
58.75	25.75	-0.000408382
59.25	25.75	-0.000116001
59.75	25.75	-6.25e-005
60.25	25.75	-7.52e-005
60.75	25.75	-5.2e-005
61.25	25.75	1.4e-005
61.75	25.75	-1.36e-005
62.25	25.75	-0.000160529
62.75	25.75	-0.00015462
63.25	25.75	1.69e-005
63.75	25.75	3.57e-005
64.25	25.75	-6.43e-005
64.75	25.75	-8.61e-005
65.25	25.75	-0.000117564
65.75	25.75	-0.000100602
53.25	25.25	6.57e-005
53.75	25.25	2.97e-005
54.25	25.25	-0.00028658
54.75	25.25	-0.00024969
55.25	25.25	0.000371998
55.75	25.25	0.000414428
56.25	25.25	8.38e-005
56.75	25.25	5.59e-005
57.25	25.25	0.000198097
57.75	25.25	9.31e-005
58.25	25.25	-0.000472757
58.75	25.25	-0.000501505
59.25	25.25	-0.000121768
59.75	25.25	-6.07e-005
60.25	25.25	-0.000145738
60.75	25.25	-0.000112903
61.25	25.25	5.2e-005
61.75	25.25	6.46e-005
62.25	25.25	-9.51e-005
62.75	25.25	-0.000126678
63.25	25.25	-2.36e-005
63.75	25.25	-8.67e-006
64.25	25.25	-5.01e-005
64.75	25.25	-5.89e-005
65.25	25.25	-0.000119589
65.75	25.25	-0.000112687
53.25	24.75	0.000436418
53.75	24.75	0.000437354
54.25	24.75	0.000117879
54.75	24.75	8.34e-005
55.25	24.75	4.44e-005
55.75	24.75	6.38e-005
56.25	24.75	0.000148805
56.75	24.75	0.000132377
57.25	24.75	-2.09e-005
57.75	24.75	-7.55e-005
58.25	24.75	-8.57e-005
58.75	24.75	-5.12e-005
59.25	24.75	0.000162525
59.75	24.75	0.000132888
60.25	24.75	-0.000300079
60.75	24.75	-0.000230102
61.25	24.75	0.000504515
61.75	24.75	0.000562345
62.25	24.75	9.2e-005
62.75	24.75	-1.87e-005
63.25	24.75	-8.24e-005
63.75	24.75	-7.43e-005
64.25	24.75	4.25e-005
64.75	24.75	6.29e-005
65.25	24.75	0.000129474
65.75	24.75	0.000124985
53.25	24.25	0.000407264
53.75	24.25	0.000422045
54.25	24.25	0.000149054
54.75	24.25	9.89e-005
55.25	24.25	-2.32e-005
55.75	24.25	-1.18e-005
56.25	24.25	0.000136495
56.75	24.25	0.000143336
57.25	24.25	-1.66e-005
57.75	24.25	-4.97e-005
58.25	24.25	-2.78e-006
58.75	24.25	3.57e-005
59.25	24.25	0.000202862
59.75	24.25	0.000162752
60.25	24.25	-0.00024604
60.75	24.25	-0.00018086
61.25	24.25	0.000516928
61.75	24.25	0.000569667
62.25	24.25	0.000124969
62.75	24.25	2.8e-005
63.25	24.25	-3.1e-005
63.75	24.25	-3.16e-005
64.25	24.25	6.18e-005
64.75	24.25	7.52e-005
65.25	24.25	0.000147971
65.75	24.25	0.000141939
53.25	23.75	-0.000272638
53.75	23.75	-0.000247222
54.25	23.75	0.000171969
54.75	23.75	0.000147262
55.25	23.75	-0.000299072
55.75	23.75	-0.000293521
56.25	23.75	0.000125186
56.75	23.75	0.000192538
57.25	23.75	0.000174582
57.75	23.75	0.000142701
58.25	23.75	1.91e-005
58.75	23.75	1.44e-006
59.25	23.75	-1.66e-005
59.75	23.75	9.76e-006
60.25	23.75	0.000216959
60.75	23.75	0.0002325
61.25	23.75	2.99e-005
61.75	23.75	2.45e-005
62.25	23.75	0.000131513
62.75	23.75	0.000156676
63.25	23.75	0.000335562
63.75	23.75	0.000314887
64.25	23.75	1.74e-005
64.75	23.75	-1.66e-005
65.25	23.75	6.74e-005
65.75	23.75	6.91e-005
53.75	23.25	-0.000291656
54.25	23.25	0.000146515
54.75	23.25	0.000132576
55.25	23.25	-0.000306081
55.75	23.25	-0.000301972
56.25	23.25	0.000108355
56.75	23.25	0.000180022
57.25	23.25	0.000180084
57.75	23.25	0.000153934
58.25	23.25	2.28e-005
58.75	23.25	-6.93e-006
59.25	23.25	-4.21e-005
59.75	23.25	-2.65e-006
60.25	23.25	0.000248095
60.75	23.25	0.000246731
61.25	23.25	-3.68e-005
61.75	23.25	-5.7e-005
62.25	23.25	9.99e-005
62.75	23.25	0.000153844
63.25	23.25	0.000344987
63.75	23.25	0.000323731
64.25	23.25	1.54e-005
64.75	23.25	-2.52e-005
65.25	23.25	5.38e-005
65.75	23.25	5.67e-005
