# Command : blockmean cb.dat -I0.2 -R53/23/66/30r -h1 -V
53.75	29.75	-211.928856434
54.25	29.75	-244.249358122
54.75	29.75	-139.418836731
55.25	29.75	-130.650288089
55.75	29.75	-151.287854315
56.25	29.75	-239.282029669
56.75	29.75	-150.721729264
57.25	29.75	-129.893683301
57.75	29.75	-294.3679698
58.25	29.75	-66.0025016508
58.75	29.75	-66.1690901244
59.25	29.75	-52.7111690824
59.75	29.75	-70.4664158426
60.25	29.75	-107.139678829
60.75	29.75	-88.1264995927
61.25	29.75	-44.1962118153
61.75	29.75	-65.5399762926
62.25	29.75	-69.2422960136
62.75	29.75	-66.1496709631
63.25	29.75	-63.9747828731
63.75	29.75	-98.8298640377
64.25	29.75	-108.883279662
64.75	29.75	-96.0221125536
65.25	29.75	-108.537749113
65.75	29.75	-130.700664586
53.25	29.25	-168.457264797
53.75	29.25	-151.102212933
54.25	29.25	-161.599179108
54.75	29.25	-183.222546997
55.25	29.25	-174.498909451
55.75	29.25	-117.383249038
56.25	29.25	-141.81266176
56.75	29.25	-199.524033959
57.25	29.25	-166.364534786
57.75	29.25	-122.044971983
58.25	29.25	-100.684958247
58.75	29.25	-58.5665203988
59.25	29.25	-67.1178094969
59.75	29.25	-59.5083663683
60.25	29.25	-185.378418638
60.75	29.25	-115.960677243
61.25	29.25	-117.342533814
61.75	29.25	-49.4565126397
62.25	29.25	-61.0899389606
62.75	29.25	-70.2345287205
63.25	29.25	-79.0868828178
63.75	29.25	-116.001673049
64.25	29.25	-123.995219153
64.75	29.25	-142.907112841
65.25	29.25	-96.5380614054
65.75	29.25	-121.379681598
53.25	28.75	-121.250880595
53.75	28.75	-227.913567932
54.25	28.75	-188.601930048
54.75	28.75	-182.629279351
55.25	28.75	-134.949948785
55.75	28.75	-158.198274366
56.25	28.75	-103.72193346
56.75	28.75	-90.8860063894
57.25	28.75	-32.1423451386
57.75	28.75	-131.243947511
58.25	28.75	-176.712967762
58.75	28.75	-59.4083718228
59.25	28.75	-61.4931743649
59.75	28.75	-90.0624367213
60.25	28.75	-84.15667902
60.75	28.75	-97.2499254777
61.25	28.75	-136.111597201
61.75	28.75	-57.5401948131
62.25	28.75	-74.3882857712
62.75	28.75	-78.2561746934
63.25	28.75	-69.1743717767
63.75	28.75	-66.502280369
64.25	28.75	-68.2963661432
64.75	28.75	-66.4355553617
65.25	28.75	-82.7378018767
65.75	28.75	-129.787259662
53.25	28.25	-80.5570340688
53.75	28.25	-142.136146746
54.25	28.25	-173.744344884
54.75	28.25	-113.003909471
55.25	28.25	-156.674112528
55.75	28.25	-187.355813074
56.25	28.25	-104.923049185
56.75	28.25	-82.7358265424
57.25	28.25	-167.388794215
57.75	28.25	-67.99857827
58.25	28.25	-58.4773218157
58.75	28.25	-166.752826573
59.25	28.25	-48.5434548847
59.75	28.25	-60.3165894188
60.25	28.25	-55.874648312
60.75	28.25	-89.5099830542
61.25	28.25	-146.232411151
61.75	28.25	-88.8034899187
62.25	28.25	-58.4611895189
62.75	28.25	-74.9058608442
63.25	28.25	-82.8785314352
63.75	28.25	-77.4946926395
64.25	28.25	-86.5961263493
64.75	28.25	-114.190585232
65.25	28.25	-69.2792655769
65.75	28.25	-67.4681590991
53.25	27.75	-71.498919284
53.75	27.75	-114.510732309
54.25	27.75	-93.853869417
54.75	27.75	-124.924051364
55.25	27.75	-88.3537499571
55.75	27.75	-195.45708154
56.25	27.75	-128.826746502
56.75	27.75	-144.091089248
57.25	27.75	-104.027792405
57.75	27.75	-169.247844294
58.25	27.75	-40.9526205527
58.75	27.75	-45.921678288
59.25	27.75	-81.7831804392
59.75	27.75	-85.6786530144
60.25	27.75	-159.613527946
60.75	27.75	-133.193140015
61.25	27.75	-111.494900648
61.75	27.75	-111.940679439
62.25	27.75	-129.502314779
62.75	27.75	-89.9968444193
63.25	27.75	-92.2739571207
63.75	27.75	-96.3017756435
64.25	27.75	-78.166342992
64.75	27.75	-74.2074723595
65.25	27.75	-74.032927892
65.75	27.75	-100.065465896
53.25	27.25	-71.4663961655
53.75	27.25	-59.3520057993
54.25	27.25	-38.4677629842
54.75	27.25	-45.2166383626
55.25	27.25	-42.3906001878
55.75	27.25	-119.489790145
56.25	27.25	-71.2513727278
56.75	27.25	-100.1975651
57.25	27.25	-146.220819499
57.75	27.25	-71.9047362328
58.25	27.25	-15.4390757401
58.75	27.25	-35.8286780901
59.25	27.25	-58.5359499282
59.75	27.25	-51.113206103
60.25	27.25	-60.6655778577
60.75	27.25	-94.0187340154
61.25	27.25	-130.412430752
61.75	27.25	-132.885559909
62.25	27.25	-155.364723253
62.75	27.25	-160.932675665
63.25	27.25	-114.287387874
63.75	27.25	-110.94958224
64.25	27.25	-103.748611063
64.75	27.25	-107.964281013
65.25	27.25	-142.690496098
65.75	27.25	-109.558081723
53.25	26.75	-46.7418002456
53.75	26.75	-108.718264294
54.25	26.75	-41.162058657
54.75	26.75	-55.3992435526
55.25	26.75	-27.5192128413
55.75	26.75	-97.2683649839
56.25	26.75	-82.5880790407
56.75	26.75	-110.763009239
57.25	26.75	-93.2265258936
57.75	26.75	-40.5768010146
58.25	26.75	-26.4378656355
58.75	26.75	-32.5009306308
59.25	26.75	-58.5312628577
59.75	26.75	-50.6373201567
60.25	26.75	-51.9323533637
60.75	26.75	-59.1395191533
61.25	26.75	-133.072258523
61.75	26.75	-136.099327261
62.25	26.75	-125.358364523
62.75	26.75	-113.252622448
63.25	26.75	-103.792421927
63.75	26.75	-98.634009864
64.25	26.75	-110.552305094
64.75	26.75	-101.617633989
65.25	26.75	-54.8737360594
65.75	26.75	-34.4447057916
53.25	26.25	-44.187357089
53.75	26.25	-54.8046492442
54.25	26.25	-52.6576052161
54.75	26.25	-34.3873792296
55.25	26.25	-63.0726122665
55.75	26.25	-96.9358167391
56.25	26.25	-78.2496954398
56.75	26.25	-59.3589309709
57.25	26.25	-30.8952577013
57.75	26.25	-24.9281149008
58.25	26.25	13.9174977129
58.75	26.25	-22.6732336293
59.25	26.25	-37.8289995677
59.75	26.25	-74.4970188108
60.25	26.25	-88.943502036
60.75	26.25	-99.7241816102
61.25	26.25	-77.2682314659
61.75	26.25	-118.455793646
62.25	26.25	-114.521434796
62.75	26.25	-93.8186054151
63.25	26.25	-108.15649421
63.75	26.25	-79.0755701159
64.25	26.25	-68.3069023136
64.75	26.25	-53.4812735297
65.25	26.25	-52.3634871207
65.75	26.25	-17.8298090321
53.25	25.75	-31.0071168406
53.75	25.75	-50.6004134113
54.25	25.75	-45.3886965724
54.75	25.75	-39.9210204383
55.25	25.75	-83.0744405496
55.75	25.75	-98.5981793429
56.25	25.75	-31.0470996955
56.75	25.75	22.3598630978
57.25	25.75	16.4233531495
57.75	25.75	-3.89234288549
58.25	25.75	65.5866936637
58.75	25.75	37.2026716065
59.25	25.75	11.2154773742
59.75	25.75	10.6744099635
60.25	25.75	-2.33396665728
60.75	25.75	-0.715118275249
61.25	25.75	0.446459804979
61.75	25.75	-7.15150895401
62.25	25.75	-24.2301904793
62.75	25.75	-14.6080342239
63.25	25.75	17.4222880085
63.75	25.75	-2.39714591474
64.25	25.75	-11.0355026635
64.75	25.75	-14.9341509265
65.25	25.75	9.49655171511
65.75	25.75	-82.3241999966
53.25	25.25	-29.8650321453
53.75	25.25	-37.8323600668
54.25	25.25	-30.3410815905
54.75	25.25	-35.9364372734
55.25	25.25	-83.4970094296
55.75	25.25	-79.7219387353
56.25	25.25	6.39452360372
56.75	25.25	65.1953924377
57.25	25.25	18.0542210555
57.75	25.25	9.14632290389
58.25	25.25	45.7203792509
58.75	25.25	40.4605767771
59.25	25.25	23.9362131801
59.75	25.25	19.8980664045
60.25	25.25	33.1068033383
60.75	25.25	37.6887203941
61.25	25.25	32.5902569961
61.75	25.25	36.0866356441
62.25	25.25	26.263866031
62.75	25.25	28.2871645637
63.25	25.25	53.0287798781
63.75	25.25	57.8824671683
64.25	25.25	57.0534156496
64.75	25.25	3.56657832265
65.25	25.25	29.1020750827
65.75	25.25	-11.7576661354
53.25	24.75	-24.3885496047
53.75	24.75	-33.4563953715
54.25	24.75	-24.3004280105
54.75	24.75	-30.7153379332
55.25	24.75	-69.8974344481
55.75	24.75	-66.5253171885
56.25	24.75	4.19614698052
56.75	24.75	74.6114929212
57.25	24.75	61.5335289693
57.75	24.75	35.843760074
58.25	24.75	67.4150894263
58.75	24.75	75.0247700367
59.25	24.75	57.5138677604
59.75	24.75	63.3689424709
60.25	24.75	60.946361862
60.75	24.75	72.6790776992
61.25	24.75	42.1145677618
61.75	24.75	42.9508401008
62.25	24.75	40.1539653647
62.75	24.75	44.0209566757
63.25	24.75	39.6964269969
63.75	24.75	36.7468154012
64.25	24.75	17.5380786143
64.75	24.75	-13.1449584529
65.25	24.75	37.4576319107
65.75	24.75	-12.0242560578
53.25	24.25	-25.0708953732
53.75	24.25	-36.8531145139
54.25	24.25	-24.3958966447
54.75	24.25	-24.8923422473
55.25	24.25	-64.5740593316
55.75	24.25	-69.2306605795
56.25	24.25	-20.4523614303
56.75	24.25	70.0384813383
57.25	24.25	29.9310397058
57.75	24.25	47.4272944293
58.25	24.25	106.413257555
58.75	24.25	111.087721077
59.25	24.25	81.9921515041
59.75	24.25	70.7299954647
60.25	24.25	128.052630432
60.75	24.25	108.806464014
61.25	24.25	95.2561524963
61.75	24.25	111.756941079
62.25	24.25	116.460918916
62.75	24.25	109.713631166
63.25	24.25	99.9188358375
63.75	24.25	114.774507727
64.25	24.25	81.5402401315
64.75	24.25	84.2067696097
65.25	24.25	108.054600128
65.75	24.25	122.890075657
53.25	23.75	-32.2766909023
53.75	23.75	-31.1720021932
54.25	23.75	-17.5579289058
54.75	23.75	-23.1546111501
55.25	23.75	-51.8411873222
55.75	23.75	-63.2675814211
56.25	23.75	-24.6907245196
56.75	23.75	19.8541312862
57.25	23.75	46.0202546295
57.75	23.75	12.9940068291
58.25	23.75	81.4447719825
58.75	23.75	82.5692829378
59.25	23.75	134.902491634
59.75	23.75	132.780122047
60.25	23.75	171.566308473
60.75	23.75	185.05149796
61.25	23.75	178.750734713
61.75	23.75	177.178188364
62.25	23.75	165.771193822
62.75	23.75	153.184851522
63.25	23.75	149.853092137
63.75	23.75	148.464787905
64.25	23.75	152.425868329
64.75	23.75	104.010323472
65.25	23.75	97.0964159913
65.75	23.75	97.5158863785
53.25	23.25	-31.5181680074
53.75	23.25	-31.4851373952
54.25	23.25	-28.7281961118
54.75	23.25	-27.0842267048
55.25	23.25	-35.1578509044
55.75	23.25	-49.4898179793
56.25	23.25	-49.3441253273
56.75	23.25	-60.1354400063
57.25	23.25	-65.000968875
57.75	23.25	49.3457217587
58.25	23.25	69.0966158937
58.75	23.25	69.1396679324
59.25	23.25	104.162766603
59.75	23.25	147.286616727
60.25	23.25	166.400007486
60.75	23.25	205.539930901
61.25	23.25	216.359078029
61.75	23.25	197.548424139
62.25	23.25	177.216043657
62.75	23.25	158.16929369
63.25	23.25	139.38173757
63.75	23.25	138.194423212
64.25	23.25	118.094253745
64.75	23.25	115.707854876
65.25	23.25	137.965475729
65.75	23.25	79.5359296512
