-37.5	843.75	2266.751465
-17.5	843.75	2482.852051
2.5	843.75	2448.684082
22.5	843.75	2338.859375
42.5	843.75	2372.512695
62.5	843.75	2522.414795
82.5	843.75	2177.573242
102.5	843.75	1841.527832
122.5	843.75	1619.233276
142.5	843.75	1536.515381
162.5	843.75	1776.976685
182.5	843.75	2172.922119
202.5	843.75	2508.317139
222.5	843.75	2282.716309
242.5	843.75	2023.166138
262.5	843.75	1886.062866
282.5	843.75	1488.336426
302.5	843.75	1417.521484
322.5	843.75	1530.850342
342.5	843.75	1976.672852
362.5	843.75	2131.846924
382.5	843.75	1903.687622
402.5	843.75	1801.921265
422.5	843.75	2282.132813
442.5	843.75	2526.183594
462.5	843.75	2054.805176
482.5	843.75	892.7956543
502.5	843.75	326.2685852
522.5	843.75	300.5721436
542.5	843.75	327.9157715
562.5	843.75	317.8070068
582.5	843.75	270.8029175
602.5	843.75	421.3671265
622.5	843.75	560.8823242
642.5	843.75	669.5297852
662.5	843.75	816.6707764
682.5	843.75	951.9864502
702.5	843.75	1087.093018
722.5	843.75	1250.772461
742.5	843.75	1385.767578
762.5	843.75	1313.81958
782.5	843.75	1284.922363
802.5	843.75	735.4169922
822.5	843.75	480.2563782
842.5	843.75	475.3849792
862.5	843.75	482.8379211
882.5	843.75	510.9186096
902.5	843.75	513.6864624
922.5	843.75	500.5055542
942.5	843.75	506.3595276
962.5	843.75	581.7961426
982.5	843.75	614.1626587
1002.5	843.75	725.4765015
1022.5	843.75	748.2860718
1042.5	843.75	734.0926514
1062.5	843.75	666.9545898
1082.5	843.75	684.1972046
1102.5	843.75	664.6741943
1122.5	843.75	677.833374
1142.5	843.75	816.1224976
1162.5	843.75	983.6394653
1182.5	843.75	1039.862183
1202.5	843.75	1059.790527
1222.5	843.75	1073.738159
1242.5	843.75	1128.592041
1262.5	843.75	1164.606445
1282.5	843.75	1183.682861
1302.5	843.75	1179.054443
1322.5	843.75	1123.523682
1342.5	843.75	1226.310303
-37.5	821.75	2323.862793
-17.5	821.75	2381.973145
2.5	821.75	2480.821777
22.5	821.75	2384.041504
42.5	821.75	2186.575195
62.5	821.75	2320.387207
82.5	821.75	2529.927246
102.5	821.75	2170.483887
122.5	821.75	1804.300049
142.5	821.75	1562.635498
162.5	821.75	1598.740723
182.5	821.75	1867.450317
202.5	821.75	2131.419434
222.5	821.75	2245.181641
242.5	821.75	2478.612793
262.5	821.75	2461.403076
282.5	821.75	1860.155273
302.5	821.75	1555.789063
322.5	821.75	1531.460938
342.5	821.75	1623.410156
362.5	821.75	1788.23938
382.5	821.75	2079.763672
402.5	821.75	2050.321777
422.5	821.75	1827.119385
442.5	821.75	2091.593262
462.5	821.75	2143.013184
482.5	821.75	958.2838745
502.5	821.75	384.352417
522.5	821.75	286.5303955
542.5	821.75	319.0548706
562.5	821.75	307.3943176
582.5	821.75	254.1403198
602.5	821.75	367.2492676
622.5	821.75	474.6464233
642.5	821.75	633.1512451
662.5	821.75	785.8881226
682.5	821.75	939.9265747
702.5	821.75	1089.349365
722.5	821.75	1453.988037
742.5	821.75	1594.901367
762.5	821.75	1315.293213
782.5	821.75	1214.990112
802.5	821.75	707.0504761
822.5	821.75	479.2817383
842.5	821.75	479.5790405
862.5	821.75	488.31427
882.5	821.75	516.2113647
902.5	821.75	525.6571045
922.5	821.75	561.8540649
942.5	821.75	542.2555542
962.5	821.75	506.9553223
982.5	821.75	579.7799683
1002.5	821.75	682.2907715
1022.5	821.75	694.0124512
1042.5	821.75	648.4763794
1062.5	821.75	675.5982666
1082.5	821.75	785.4125977
1102.5	821.75	703.1820679
1122.5	821.75	723.6428223
1142.5	821.75	887.4193115
1162.5	821.75	976.2229004
1182.5	821.75	976.1794434
1202.5	821.75	997.7936401
1222.5	821.75	1021.595337
1242.5	821.75	1086.119141
1262.5	821.75	1117.972168
1282.5	821.75	1108.592529
1302.5	821.75	1083.469482
1322.5	821.75	1059.261963
1342.5	821.75	1297.66687
-37.5	799.75	1829.535278
-17.5	799.75	1971.507202
2.5	799.75	2296.020508
22.5	799.75	2175.829834
42.5	799.75	1978.118408
62.5	799.75	2119.116211
82.5	799.75	2292.521484
102.5	799.75	2512.320313
122.5	799.75	2211.133545
142.5	799.75	1746.477173
162.5	799.75	1532.60144
182.5	799.75	1598.096191
202.5	799.75	1740.56897
222.5	799.75	1910.151978
242.5	799.75	2050.616211
262.5	799.75	2157.854492
282.5	799.75	1990.978394
302.5	799.75	2049.858398
322.5	799.75	1986.666992
342.5	799.75	1845.633911
362.5	799.75	1871.483521
382.5	799.75	1873.833008
402.5	799.75	1808.308105
422.5	799.75	1762.586548
442.5	799.75	1885.636841
462.5	799.75	2648.804199
482.5	799.75	1738.510376
502.5	799.75	801.7808838
522.5	799.75	325.9699097
542.5	799.75	273.911438
562.5	799.75	316.4813232
582.5	799.75	325.4682617
602.5	799.75	362.980835
622.5	799.75	441.9875488
642.5	799.75	593.5272217
662.5	799.75	813.1785278
682.5	799.75	898.2695313
702.5	799.75	1083.342285
722.5	799.75	1631.834717
742.5	799.75	1536.199463
762.5	799.75	1322.637451
782.5	799.75	1302.411377
802.5	799.75	740.8411255
822.5	799.75	482.8132629
842.5	799.75	478.100708
862.5	799.75	492.4078979
882.5	799.75	507.1932373
902.5	799.75	522.5535889
922.5	799.75	567.1218262
942.5	799.75	576.4682617
962.5	799.75	568.0667725
982.5	799.75	597.0319214
1002.5	799.75	632.9943237
1022.5	799.75	641.796936
1042.5	799.75	661.4000244
1062.5	799.75	792.8706665
1082.5	799.75	870.7894287
1102.5	799.75	861.3008423
1122.5	799.75	870.1905518
1142.5	799.75	973.4869385
1162.5	799.75	960.3740234
1182.5	799.75	921.9899902
1202.5	799.75	931.6483154
1222.5	799.75	949.0952148
1242.5	799.75	992.1999512
1262.5	799.75	1044.716431
1282.5	799.75	1037.746582
1302.5	799.75	1006.051086
1322.5	799.75	990.4523926
1342.5	799.75	1241.063965
-37.5	777.75	1665.440063
-17.5	777.75	1620.866699
2.5	777.75	1708.228394
22.5	777.75	1864.200073
42.5	777.75	2029.257202
62.5	777.75	2123.120117
82.5	777.75	2151.199707
102.5	777.75	2205.314697
122.5	777.75	2268.640137
142.5	777.75	1963.057007
162.5	777.75	1640.959961
182.5	777.75	1585.699951
202.5	777.75	1626.828613
222.5	777.75	1738.759888
242.5	777.75	1835.285645
262.5	777.75	1856.52002
282.5	777.75	2057.73291
302.5	777.75	2523.543213
322.5	777.75	2493.280029
342.5	777.75	2433.085693
362.5	777.75	2124.400146
382.5	777.75	2102.06665
402.5	777.75	2128.800293
422.5	777.75	2026.639893
442.5	777.75	2363.143066
462.5	777.75	2408.120117
482.5	777.75	2698.933105
502.5	777.75	1546.399902
522.5	777.75	641
542.5	777.75	293.342865
562.5	777.75	305.3600464
582.5	777.75	342.9000854
602.5	777.75	297.5428467
622.5	777.75	294.1200562
642.5	777.75	511.0857239
662.5	777.75	730.2401123
682.5	777.75	795.7333984
702.5	777.75	923.7427979
722.5	777.75	1498.159912
742.5	777.75	1505.742798
762.5	777.75	1305.84021
782.5	777.75	1576.833374
802.5	777.75	968.9714355
822.5	777.75	532.7199707
842.5	777.75	482.5143433
862.5	777.75	467.7600403
882.5	777.75	480.333374
902.5	777.75	498.4571533
922.5	777.75	515.0400391
942.5	777.75	488.1714478
962.5	777.75	481.0800476
982.5	777.75	547.166626
1002.5	777.75	585.0999146
1022.5	777.75	602.0333252
1042.5	777.75	761.057373
1062.5	777.75	934.4400635
1082.5	777.75	1002.633423
1102.5	777.75	1050.466553
1122.5	777.75	1034.857056
1142.5	777.75	1017.099976
1162.5	777.75	951.2399902
1182.5	777.75	949.2000732
1202.5	777.75	945.1333008
1222.5	777.75	949.0571289
1242.5	777.75	979.9666748
1262.5	777.75	1000.080078
1282.5	777.75	992.333374
1302.5	777.75	972.4000244
1322.5	777.75	1015.200073
1342.5	777.75	1608.399902
-37.5	755.75	1956.11438
-17.5	755.75	1747.376099
2.5	755.75	1661.592041
22.5	755.75	1710.200195
42.5	755.75	1788.571411
62.5	755.75	1701.485474
82.5	755.75	1873.527344
102.5	755.75	1922.101807
122.5	755.75	2027.228394
142.5	755.75	1935.918335
162.5	755.75	1731.171509
182.5	755.75	1779.188843
202.5	755.75	1865.081543
222.5	755.75	1781.742676
242.5	755.75	1747.183472
262.5	755.75	1790.371338
282.5	755.75	1939.36145
302.5	755.75	2221.837158
322.5	755.75	2485.885742
342.5	755.75	2557.530273
362.5	755.75	2654.600098
382.5	755.75	2232.447754
402.5	755.75	2144.040771
422.5	755.75	2229.200195
442.5	755.75	2562.796143
462.5	755.75	2643.256836
482.5	755.75	2525.900879
502.5	755.75	1855.979736
522.5	755.75	860.6856689
542.5	755.75	426.4897766
562.5	755.75	312.028656
582.5	755.75	304.7213745
602.5	755.75	288.2653503
622.5	755.75	295.0000305
642.5	755.75	418.959198
662.5	755.75	588.4570923
682.5	755.75	649.3293457
702.5	755.75	1054.979736
722.5	755.75	1410.885742
742.5	755.75	1519.897705
762.5	755.75	1439.828613
782.5	755.75	1427.982666
802.5	755.75	1431.959351
822.5	755.75	854.0856934
842.5	755.75	591.3471069
862.5	755.75	482.5429688
882.5	755.75	454.322937
902.5	755.75	464.0612793
922.5	755.75	463.5143738
942.5	755.75	462.959259
962.5	755.75	493.8000488
982.5	755.75	555.0435181
1002.5	755.75	672.2341309
1022.5	755.75	788.3109131
1042.5	755.75	940
1062.5	755.75	1153.400024
1082.5	755.75	1184.131348
1102.5	755.75	1232.357666
1122.5	755.75	1218.775269
1142.5	755.75	1127.272095
1162.5	755.75	1048.942749
1182.5	755.75	1028.410889
1202.5	755.75	988.4573975
1222.5	755.75	910.1021729
1242.5	755.75	939.894043
1262.5	755.75	960.6572266
1282.5	755.75	952.9592285
1302.5	755.75	942.1751709
1322.5	755.75	1122.571533
1342.5	755.75	1596.984741
-37.5	733.75	1890.010376
-17.5	733.75	1636.718994
2.5	733.75	1675.174927
22.5	733.75	1654.119385
42.5	733.75	1597.459595
62.5	733.75	1584.193115
82.5	733.75	1686.225708
102.5	733.75	1739.566162
122.5	733.75	1640.06665
142.5	733.75	1913.319458
162.5	733.75	1926.758667
182.5	733.75	2074.340576
202.5	733.75	1970.613525
222.5	733.75	1887.654541
242.5	733.75	1773.302002
262.5	733.75	1696.227417
282.5	733.75	1765.240967
302.5	733.75	1944.920654
322.5	733.75	2220.253906
342.5	733.75	2578.187256
362.5	733.75	2962.974365
382.5	733.75	2764.459473
402.5	733.75	2805.600586
422.5	733.75	2685.55127
442.5	733.75	2789.71875
462.5	733.75	2444.816406
482.5	733.75	2145.076416
502.5	733.75	2013.074097
522.5	733.75	1202.762451
542.5	733.75	841.2314453
562.5	733.75	526.8497314
582.5	733.75	417.5472412
602.5	733.75	391.0898132
622.5	733.75	361.0281677
642.5	733.75	369.227417
662.5	733.75	470.4377441
682.5	733.75	524.9260254
702.5	733.75	839.230957
722.5	733.75	1842.329346
742.5	733.75	1762.456299
762.5	733.75	1671.935181
782.5	733.75	1650.827637
802.5	733.75	1489.589111
822.5	733.75	1414.489014
842.5	733.75	1206.750977
862.5	733.75	674.6564331
882.5	733.75	513.6460571
902.5	733.75	523.0232544
922.5	733.75	563.4285889
942.5	733.75	586.7424316
962.5	733.75	610.7061768
982.5	733.75	741.4580688
1002.5	733.75	826.4086304
1022.5	733.75	954.9205933
1042.5	733.75	1130.154419
1062.5	733.75	1397.240723
1082.5	733.75	1409.119873
1102.5	733.75	1426.661133
1122.5	733.75	1423.928467
1142.5	733.75	1435.523682
1162.5	733.75	1445.863525
1182.5	733.75	1285.790283
1202.5	733.75	987.2628174
1222.5	733.75	866.166748
1242.5	733.75	891.1011963
1262.5	733.75	907.2136841
1282.5	733.75	906.6824951
1302.5	733.75	913.2242432
1322.5	733.75	1048.119019
1342.5	733.75	1456.75293
-37.5	711.75	1948.504517
-17.5	711.75	1757.556396
2.5	711.75	1672.469727
22.5	711.75	1770.774536
42.5	711.75	1885.695801
62.5	711.75	1917.305908
82.5	711.75	1896.370361
102.5	711.75	1765.342163
122.5	711.75	1589.833496
142.5	711.75	1791.251587
162.5	711.75	2066.422607
182.5	711.75	2061.303711
202.5	711.75	1937.713745
222.5	711.75	2076.233398
242.5	711.75	1943.869141
262.5	711.75	1682.26123
282.5	711.75	1709.531616
302.5	711.75	1769.622437
322.5	711.75	1953.047363
342.5	711.75	2244.480469
362.5	711.75	2512.425293
382.5	711.75	2744.362305
402.5	711.75	3106.958252
422.5	711.75	2790.553955
442.5	711.75	3136.626709
462.5	711.75	2653.167236
482.5	711.75	2280.292236
502.5	711.75	1940.472534
522.5	711.75	1628.975464
542.5	711.75	1514.489502
562.5	711.75	896.3687134
582.5	711.75	679.0720215
602.5	711.75	540.1132202
622.5	711.75	468.5541992
642.5	711.75	397.9701538
662.5	711.75	404.3143616
682.5	711.75	455.3044739
702.5	711.75	643.4797363
722.5	711.75	1552.049683
742.5	711.75	1636.564819
762.5	711.75	1678.614258
782.5	711.75	1900.831787
802.5	711.75	1620.850952
822.5	711.75	1478.418213
842.5	711.75	1453.236694
862.5	711.75	1360.821533
882.5	711.75	774.6159668
902.5	711.75	672.4198608
922.5	711.75	751.2939453
942.5	711.75	765.5577393
962.5	711.75	800.1766357
982.5	711.75	973.1162109
1002.5	711.75	1034.86792
1022.5	711.75	1024.411743
1042.5	711.75	1171.043213
1062.5	711.75	1477.831787
1082.5	711.75	1522.305054
1102.5	711.75	1622.448853
1122.5	711.75	1589.97644
1142.5	711.75	1561.689941
1162.5	711.75	1327.739258
1182.5	711.75	1070.248047
1202.5	711.75	857.4790039
1222.5	711.75	847.2856445
1242.5	711.75	862.1304932
1262.5	711.75	876.1043701
1282.5	711.75	888.7800293
1302.5	711.75	912.7002563
1322.5	711.75	1155.976196
1342.5	711.75	1654.613892
-37.5	689.75	1933.869629
-17.5	689.75	1811.30542
2.5	689.75	1698.231567
22.5	689.75	1708.536987
42.5	689.75	1623.052979
62.5	689.75	1933.374878
82.5	689.75	1934.037476
102.5	689.75	1942.046265
122.5	689.75	1916.933472
142.5	689.75	1881.523682
162.5	689.75	1965.686035
182.5	689.75	1969.160156
202.5	689.75	1674.664429
222.5	689.75	1792.237305
242.5	689.75	1884.251953
262.5	689.75	1728.896362
282.5	689.75	1957.173584
302.5	689.75	1748.464233
322.5	689.75	1805.163086
342.5	689.75	2047.940674
362.5	689.75	2293.041016
382.5	689.75	2279.400391
402.5	689.75	2324.212402
422.5	689.75	2146.072754
442.5	689.75	2729.538086
462.5	689.75	2805.307373
482.5	689.75	2794.796143
502.5	689.75	2226.172852
522.5	689.75	1581.233398
542.5	689.75	1346.678711
562.5	689.75	1065.874634
582.5	689.75	831.3748779
602.5	689.75	695.571106
622.5	689.75	531.7977295
642.5	689.75	459.0351868
662.5	689.75	442.4293213
682.5	689.75	515.6364136
702.5	689.75	610.7680054
722.5	689.75	1206.67041
742.5	689.75	1534.350586
762.5	689.75	1532.030762
782.5	689.75	1744.896729
802.5	689.75	1847.231934
822.5	689.75	1832.768799
842.5	689.75	1253.281006
862.5	689.75	1357.82959
882.5	689.75	1039.022949
902.5	689.75	920.0067139
922.5	689.75	924.2862549
942.5	689.75	952.1138916
962.5	689.75	1066.832031
982.5	689.75	1260.957031
1002.5	689.75	1429.623535
1022.5	689.75	1034.657837
1042.5	689.75	1005.832642
1062.5	689.75	1162.571899
1082.5	689.75	1188.043701
1102.5	689.75	1297.304443
1122.5	689.75	1261.476074
1142.5	689.75	1241.572021
1162.5	689.75	1082.585693
1182.5	689.75	908.0457764
1202.5	689.75	838.977478
1222.5	689.75	853.3094482
1242.5	689.75	844.7174072
1262.5	689.75	851.3099365
1282.5	689.75	901.4344482
1302.5	689.75	1110.058228
1322.5	689.75	1476.214233
1342.5	689.75	1730.528076
-37.5	667.75	1852.199951
-17.5	667.75	1626.466553
2.5	667.75	2099.457031
22.5	667.75	1795.400024
42.5	667.75	1618.142822
62.5	667.75	1878
82.5	667.75	1668.033447
102.5	667.75	1637.000122
122.5	667.75	1873.439819
142.5	667.75	1780.428833
162.5	667.75	1913.040161
182.5	667.75	1993.433594
202.5	667.75	1805.085571
222.5	667.75	1585.720093
242.5	667.75	1647.657104
262.5	667.75	1740.119751
282.5	667.75	1932.333374
302.5	667.75	1813.142944
322.5	667.75	1888.000122
342.5	667.75	2025.343018
362.5	667.75	2137.23999
382.5	667.75	2058.333252
402.5	667.75	2007.228394
422.5	667.75	1775.680054
442.5	667.75	2026.856934
462.5	667.75	2250.76001
482.5	667.75	2477.899902
502.5	667.75	1980.914429
522.5	667.75	2292.280273
542.5	667.75	1464.200073
562.5	667.75	1001.359985
582.5	667.75	847.4000244
602.5	667.75	724.1142578
622.5	667.75	589.8800659
642.5	667.75	499.1714478
662.5	667.75	521.4400024
682.5	667.75	634.4333496
702.5	667.75	561.6286011
722.5	667.75	1024.760254
742.5	667.75	1622.971069
762.5	667.75	1446.079956
782.5	667.75	1632.200195
802.5	667.75	1913.542725
822.5	667.75	1785.640137
842.5	667.75	1327.028809
862.5	667.75	949.039917
882.5	667.75	887.4998779
902.5	667.75	868.4285889
922.5	667.75	847.5599365
942.5	667.75	837.4572754
962.5	667.75	911.4400635
982.5	667.75	941.2333984
1002.5	667.75	1070.966675
1022.5	667.75	872
1042.5	667.75	814.4285889
1062.5	667.75	877.7199707
1082.5	667.75	921.7332764
1102.5	667.75	988.1999512
1122.5	667.75	989.2856445
1142.5	667.75	975.9666748
1162.5	667.75	937.0799561
1182.5	667.75	875.4333496
1202.5	667.75	849.833374
1222.5	667.75	826.6571045
1242.5	667.75	872.0666504
1262.5	667.75	1089.280029
1282.5	667.75	1096.400146
1302.5	667.75	1127.133301
1322.5	667.75	1563.91394
1342.5	667.75	2043.200073
-37.5	645.75	1307.371216
-17.5	645.75	1596.744629
2.5	645.75	1844.51001
22.5	645.75	1607.428467
42.5	645.75	1488.040894
62.5	645.75	1393.257324
82.5	645.75	1373.870239
102.5	645.75	1296.163574
122.5	645.75	1484.085815
142.5	645.75	1505.734619
162.5	645.75	1405.828613
182.5	645.75	1866.328003
202.5	645.75	2127.183594
222.5	645.75	1859.657227
242.5	645.75	1786.673462
262.5	645.75	1661
282.5	645.75	1790.196167
302.5	645.75	1841.428345
322.5	645.75	1974.600098
342.5	645.75	1838.857056
362.5	645.75	2493.486084
382.5	645.75	2207.218262
402.5	645.75	2220.020508
422.5	645.75	2159.285645
442.5	645.75	1727.510132
462.5	645.75	1627.800049
482.5	645.75	1149.331299
502.5	645.75	1274.346924
522.5	645.75	2526.77124
542.5	645.75	2274.775391
562.5	645.75	1327.142822
582.5	645.75	905.5474854
602.5	645.75	755.3675537
622.5	645.75	620.9428101
642.5	645.75	542.1224976
662.5	645.75	565.4571533
682.5	645.75	627.5045166
702.5	645.75	640.3061523
722.5	645.75	860.5428467
742.5	645.75	1567.448975
762.5	645.75	1488.171143
782.5	645.75	1720.969971
802.5	645.75	2095.509766
822.5	645.75	2033.37146
842.5	645.75	1631.69397
862.5	645.75	1291.11438
882.5	645.75	926.3121948
902.5	645.75	830.0203857
922.5	645.75	730.5715332
942.5	645.75	707.2246094
962.5	645.75	715.8858643
982.5	645.75	696.4625854
1002.5	645.75	672.7312622
1022.5	645.75	634.100769
1042.5	645.75	660.0408936
1062.5	645.75	720.314209
1082.5	645.75	773.1400146
1102.5	645.75	793.2689209
1122.5	645.75	827.3265381
1142.5	645.75	868.1633301
1162.5	645.75	896.5142822
1182.5	645.75	931.7453003
1202.5	645.75	1064.8927
1222.5	645.75	1356.265137
1242.5	645.75	1319.75708
1262.5	645.75	969.9715576
1282.5	645.75	928.1793213
1302.5	645.75	1146.642578
1322.5	645.75	1763.918457
1342.5	645.75	1934.674194
-37.5	623.75	786.7354736
-17.5	623.75	1253.418701
2.5	623.75	1469.777344
22.5	623.75	1312.055542
42.5	623.75	1135.841797
62.5	623.75	1332.897217
82.5	623.75	1116.543823
102.5	623.75	1239.531372
122.5	623.75	1298.166626
142.5	623.75	1296.250122
162.5	623.75	1112.91626
182.5	623.75	1291.842041
202.5	623.75	1436.152832
222.5	623.75	1872.345703
242.5	623.75	1923.602295
262.5	623.75	1801.028809
282.5	623.75	1652.017944
302.5	623.75	1504.568115
322.5	623.75	1431.199951
342.5	623.75	1485.305664
362.5	623.75	1693.258057
382.5	623.75	1689.054321
402.5	623.75	2095.088379
422.5	623.75	2380.655762
442.5	623.75	1867.763916
462.5	623.75	1668.931152
482.5	623.75	1002.765442
502.5	623.75	740.9898071
522.5	623.75	1441.522705
542.5	623.75	2356.761963
562.5	623.75	1991.967407
582.5	623.75	1277.548096
602.5	623.75	869.4849854
622.5	623.75	659.0148926
642.5	623.75	584.9797363
662.5	623.75	617.1934814
682.5	623.75	645.729126
702.5	623.75	727.940979
722.5	623.75	889.6831055
742.5	623.75	1428.607788
762.5	623.75	1485.88623
782.5	623.75	1603.58606
802.5	623.75	1836.803223
822.5	623.75	2271.892578
842.5	623.75	2130.61084
862.5	623.75	1528.840576
882.5	623.75	1089.472656
902.5	623.75	762.3065186
922.5	623.75	744.28302
942.5	623.75	671.8920288
962.5	623.75	634.925354
982.5	623.75	592.7982178
1002.5	623.75	577.8881836
1022.5	623.75	533.5529785
1042.5	623.75	560.2950439
1062.5	623.75	589.7836304
1082.5	623.75	627.0532227
1102.5	623.75	678.4658203
1122.5	623.75	873.7142334
1142.5	623.75	1133.178467
1162.5	623.75	1251.27002
1182.5	623.75	1114.786865
1202.5	623.75	1082.241455
1222.5	623.75	970.5236816
1242.5	623.75	797.3955078
1262.5	623.75	740.8721924
1282.5	623.75	800.7810059
1302.5	623.75	1227.794312
1322.5	623.75	1792.285767
1342.5	623.75	1846.585083
-37.5	601.75	690.2221069
-17.5	601.75	871.0731201
2.5	601.75	1055.216064
22.5	601.75	822.234314
42.5	601.75	885.9263916
62.5	601.75	1053.86438
82.5	601.75	1370.905029
102.5	601.75	1607.286133
122.5	601.75	1267.799805
142.5	601.75	1170.3396
162.5	601.75	1103.356934
182.5	601.75	1105.783447
202.5	601.75	1286.434814
222.5	601.75	1496.335938
242.5	601.75	1485.849243
262.5	601.75	1788.802979
282.5	601.75	1574.565918
302.5	601.75	1296.029053
322.5	601.75	1264.615845
342.5	601.75	1092.098389
362.5	601.75	1087.569336
382.5	601.75	1249.333984
402.5	601.75	1603.677734
422.5	601.75	1801.996094
442.5	601.75	1589.597778
462.5	601.75	1102.755249
482.5	601.75	802.3450928
502.5	601.75	597.4251709
522.5	601.75	778.7355957
542.5	601.75	1241.231689
562.5	601.75	1737.471313
582.5	601.75	1565.87439
602.5	601.75	1074.56897
622.5	601.75	820.6710815
642.5	601.75	786.9178467
662.5	601.75	789.991272
682.5	601.75	773.4790039
702.5	601.75	890.1154785
722.5	601.75	983.6117554
742.5	601.75	1138.990234
762.5	601.75	1410.346436
782.5	601.75	1484.930054
802.5	601.75	1575.274658
822.5	601.75	1693.255371
842.5	601.75	1592.69873
862.5	601.75	1434.67334
882.5	601.75	1607.096802
902.5	601.75	1102.790527
922.5	601.75	788.6345215
942.5	601.75	678.7474365
962.5	601.75	597.4817505
982.5	601.75	567.2720337
1002.5	601.75	521.4645996
1022.5	601.75	496.546875
1042.5	601.75	506.311676
1062.5	601.75	528.7381592
1082.5	601.75	551.1530762
1102.5	601.75	603.9968262
1122.5	601.75	757.9047852
1142.5	601.75	792.8885498
1162.5	601.75	755.2461548
1182.5	601.75	713.5006714
1202.5	601.75	685.8182983
1222.5	601.75	654.2142334
1242.5	601.75	669.7505493
1262.5	601.75	688.5269775
1282.5	601.75	842.5494385
1302.5	601.75	1373.974609
1322.5	601.75	1756.428589
1342.5	601.75	1778.067627
-37.5	579.75	350.956543
-17.5	579.75	573.0229492
2.5	579.75	664.8259888
22.5	579.75	763.7612305
42.5	579.75	793.2527466
62.5	579.75	1078.647705
82.5	579.75	976.0853271
102.5	579.75	1043.306274
122.5	579.75	852.0667725
142.5	579.75	1067.058105
162.5	579.75	1169.140991
182.5	579.75	1148.1073
202.5	579.75	1195.130371
222.5	579.75	1025.937012
242.5	579.75	935.401123
262.5	579.75	971.873291
282.5	579.75	1074.755737
302.5	579.75	865.8331299
322.5	579.75	1172.583862
342.5	579.75	975.2803955
362.5	579.75	1177.603516
382.5	579.75	1324.429932
402.5	579.75	1782.217651
422.5	579.75	1654.233276
442.5	579.75	985.3786621
462.5	579.75	708.5437012
482.5	579.75	697.0111084
502.5	579.75	613.7593384
522.5	579.75	635.604248
542.5	579.75	741.3964233
562.5	579.75	891.8139648
582.5	579.75	934.0529785
602.5	579.75	1092.157715
622.5	579.75	1145.390137
642.5	579.75	1081.284424
662.5	579.75	1245.164551
682.5	579.75	960.1120605
702.5	579.75	1112.978027
722.5	579.75	1495.104248
742.5	579.75	1152.414673
762.5	579.75	1505.168945
782.5	579.75	1555.2323
802.5	579.75	1438.208008
822.5	579.75	1451.03125
842.5	579.75	1459.011719
862.5	579.75	1395.777222
882.5	579.75	1761.842896
902.5	579.75	1704.277344
922.5	579.75	1175.519897
942.5	579.75	904.8830566
962.5	579.75	633.8982544
982.5	579.75	537.2297974
1002.5	579.75	498.5978394
1022.5	579.75	494.4833984
1042.5	579.75	501.8144836
1062.5	579.75	528.1717529
1082.5	579.75	541.9730835
1102.5	579.75	544.9394531
1122.5	579.75	555.6905518
1142.5	579.75	588.4165649
1162.5	579.75	604.0410156
1182.5	579.75	613.3027954
1202.5	579.75	626.5513306
1222.5	579.75	651.0476074
1242.5	579.75	678.1705933
1262.5	579.75	756.2969971
1282.5	579.75	1116.582886
1302.5	579.75	1414.212646
1322.5	579.75	1642.476196
1342.5	579.75	1713.034546
-37.5	557.75	394.2799988
-17.5	557.75	438.6000061
2.5	557.75	510.7714844
22.5	557.75	627.3200684
42.5	557.75	760.1715088
62.5	557.75	775.5200195
82.5	557.75	1046.033325
102.5	557.75	935.4858398
122.5	557.75	951.3200684
142.5	557.75	1023.62854
162.5	557.75	1167.119873
182.5	557.75	1094.066772
202.5	557.75	875.9714355
222.5	557.75	801
242.5	557.75	828.6000977
262.5	557.75	913
282.5	557.75	832.1334229
302.5	557.75	790.0285645
322.5	557.75	1196.160034
342.5	557.75	1499.799927
362.5	557.75	1330.079956
382.5	557.75	1256.533325
402.5	557.75	1220.914429
422.5	557.75	925.4000244
442.5	557.75	669.3713379
462.5	557.75	898.8399658
482.5	557.75	917.2999268
502.5	557.75	511.8286133
522.5	557.75	477.0800171
542.5	557.75	498.0286255
562.5	557.75	540.7200317
582.5	557.75	588.8666382
602.5	557.75	773.5429688
622.5	557.75	1040.52002
642.5	557.75	1028.428589
662.5	557.75	1159.440063
682.5	557.75	1118.533081
702.5	557.75	1256.485718
722.5	557.75	1785.319824
742.5	557.75	1253
762.5	557.75	1526.519897
782.5	557.75	1574.200195
802.5	557.75	1452.200073
822.5	557.75	1419.039795
842.5	557.75	1471.828735
862.5	557.75	1453.800049
882.5	557.75	1516.833618
902.5	557.75	1839.628418
922.5	557.75	1561.439941
942.5	557.75	1373.199951
962.5	557.75	872.6800537
982.5	557.75	651.5666504
1002.5	557.75	526.000061
1022.5	557.75	502.6000366
1042.5	557.75	506.3143005
1062.5	557.75	524.4799805
1082.5	557.75	551.7666626
1102.5	557.75	562.833313
1122.5	557.75	568.0285645
1142.5	557.75	576.666687
1162.5	557.75	589.7199707
1182.5	557.75	605.1333008
1202.5	557.75	625.833313
1222.5	557.75	675.3428955
1242.5	557.75	759.2332764
1262.5	557.75	996.8000488
1282.5	557.75	1403.766724
1302.5	557.75	1436.266602
1322.5	557.75	1725.971436
1342.5	557.75	1634.033325
-37.5	535.75	715.5715332
-17.5	535.75	560.7789917
2.5	535.75	748.5511475
22.5	535.75	622.4857788
42.5	535.75	751.5102539
62.5	535.75	716.5714111
82.5	535.75	743.1991577
102.5	535.75	890.3878174
122.5	535.75	941.9143066
142.5	535.75	1017.204102
162.5	535.75	1056.657227
182.5	535.75	1071.740112
202.5	535.75	700.5306396
222.5	535.75	739.8857422
242.5	535.75	741.8366699
262.5	535.75	915.6286621
282.5	535.75	928.4797363
302.5	535.75	964.7755127
322.5	535.75	1092.942749
342.5	535.75	1123.530762
362.5	535.75	1175.143066
382.5	535.75	1006.731445
402.5	535.75	873.0408936
422.5	535.75	654.3428955
442.5	535.75	520.1633301
462.5	535.75	564.5142212
482.5	535.75	726.2426147
502.5	535.75	647.1427002
522.5	535.75	438.9143372
542.5	535.75	416.5510254
562.5	535.75	413.5143127
582.5	535.75	413.980835
602.5	535.75	430.1429138
622.5	535.75	510.7427979
642.5	535.75	594.0407715
662.5	535.75	665.5429688
682.5	535.75	932.5029297
702.5	535.75	948.8164063
722.5	535.75	1070.285645
742.5	535.75	900.8775635
762.5	535.75	1131.1427
782.5	535.75	1323.084717
802.5	535.75	1305.061157
822.5	535.75	1323.371338
842.5	535.75	1586.265503
862.5	535.75	1484.885742
882.5	535.75	1464.99585
902.5	535.75	1468.69397
922.5	535.75	1719.314331
942.5	535.75	1606.8573
962.5	535.75	1256.685669
982.5	535.75	841.055542
1002.5	535.75	649.3870239
1022.5	535.75	598.0623169
1042.5	535.75	546.4694214
1062.5	535.75	543.999939
1082.5	535.75	552.0316162
1102.5	535.75	566.2513428
1122.5	535.75	573.4285278
1142.5	535.75	577.5048218
1162.5	535.75	590.8856812
1182.5	535.75	618.0974731
1202.5	535.75	675.5432129
1222.5	535.75	800.081665
1242.5	535.75	1038.78772
1262.5	535.75	1471.114136
1282.5	535.75	1550.322876
1302.5	535.75	1456.177124
1322.5	535.75	1495.36731
1342.5	535.75	1441.355591
-37.5	513.75	43.03717041
-17.5	513.75	532.6605225
2.5	513.75	725.5415039
22.5	513.75	736.8944092
42.5	513.75	590.1424561
62.5	513.75	549.7669067
82.5	513.75	661.9016724
102.5	513.75	884.0698853
122.5	513.75	980.4666748
142.5	513.75	983.9585571
162.5	513.75	945.7931519
182.5	513.75	903.3371582
202.5	513.75	901.1817017
222.5	513.75	663.6890869
242.5	513.75	711.1482544
262.5	513.75	719.670166
282.5	513.75	640.5325928
302.5	513.75	481.9459229
322.5	513.75	493.0223083
342.5	513.75	516.9901733
362.5	513.75	692.0511475
382.5	513.75	552.3684082
402.5	513.75	504.4104309
422.5	513.75	563.8502197
442.5	513.75	620.9456787
462.5	513.75	509.2077942
482.5	513.75	644.3477173
502.5	513.75	661.6786499
522.5	513.75	412.0888062
542.5	513.75	394.6364136
562.5	513.75	384.2260132
582.5	513.75	373.4941101
602.5	513.75	370.1890869
622.5	513.75	373.1863403
642.5	513.75	391.2942505
662.5	513.75	437.9797974
682.5	513.75	550.8369751
702.5	513.75	599.2643433
722.5	513.75	663.7041626
742.5	513.75	673.7341309
762.5	513.75	858.6992188
782.5	513.75	1010.047852
802.5	513.75	1088.282593
822.5	513.75	1264.578491
842.5	513.75	1483.966309
862.5	513.75	1637.731323
882.5	513.75	1339.611206
902.5	513.75	1350.152344
922.5	513.75	1416.802734
942.5	513.75	1518.223389
962.5	513.75	1305.768555
982.5	513.75	1037.486816
1002.5	513.75	828.7694092
1022.5	513.75	773.2408447
1042.5	513.75	718.0877075
1062.5	513.75	665.6379395
1082.5	513.75	632.0384521
1102.5	513.75	624.0257568
1122.5	513.75	635.3808594
1142.5	513.75	658.0576172
1162.5	513.75	782.098999
1182.5	513.75	889.5489502
1202.5	513.75	1000.675415
1222.5	513.75	1349.547607
1242.5	513.75	1461.321289
1262.5	513.75	1607.300171
1282.5	513.75	1506.048828
1302.5	513.75	1369.346436
1322.5	513.75	1413.619019
1342.5	513.75	1248.52002
-37.5	491.75	-59.46948242
-17.5	491.75	42.18487549
2.5	491.75	284.8851624
22.5	491.75	691.8728027
42.5	491.75	540.4058228
62.5	491.75	546.7814941
82.5	491.75	716.9962769
102.5	491.75	1069.947876
122.5	491.75	950.7666016
142.5	491.75	795.6849365
162.5	491.75	929.7860718
182.5	491.75	792.6875
202.5	491.75	830.6168213
222.5	491.75	610.7731323
242.5	491.75	898.2077637
262.5	491.75	431.9829102
282.5	491.75	472.9064941
302.5	491.75	583.7318726
322.5	491.75	346.4656067
342.5	491.75	592.7993774
362.5	491.75	134.0806885
382.5	491.75	65.57125854
402.5	491.75	56.4291687
422.5	491.75	252.1607056
442.5	491.75	313.5242004
462.5	491.75	594.175415
482.5	491.75	432.5943909
502.5	491.75	536.2644653
522.5	491.75	428.3588257
542.5	491.75	388.9282227
562.5	491.75	373.8515015
582.5	491.75	366.6989746
602.5	491.75	365.0331726
622.5	491.75	366.7299805
642.5	491.75	370.600647
662.5	491.75	382.9550781
682.5	491.75	411.1513672
702.5	491.75	438.8389282
722.5	491.75	485.2051392
742.5	491.75	539.848938
762.5	491.75	635.3775635
782.5	491.75	840.6906738
802.5	491.75	818.0693359
822.5	491.75	1084.299927
842.5	491.75	1458.789185
862.5	491.75	1555.130005
882.5	491.75	1381.525269
902.5	491.75	1234.291748
922.5	491.75	1295.294189
942.5	491.75	1307.390137
962.5	491.75	1315.805908
982.5	491.75	1340.280884
1002.5	491.75	1124.625732
1022.5	491.75	1085.703369
1042.5	491.75	1054.788086
1062.5	491.75	875.1582031
1082.5	491.75	800.4007568
1102.5	491.75	842.3515625
1122.5	491.75	894.4284668
1142.5	491.75	911.5351563
1162.5	491.75	1059.48645
1182.5	491.75	1279.567383
1202.5	491.75	1381.076416
1222.5	491.75	1383.499878
1242.5	491.75	1488.768799
1262.5	491.75	1447.685547
1282.5	491.75	1552.253418
1302.5	491.75	1333.614014
1322.5	491.75	1307.785767
1342.5	491.75	1205.689087
-37.5	469.75	-75.07049561
-17.5	469.75	-66.43127441
2.5	469.75	-4.642272949
22.5	469.75	140.7709045
42.5	469.75	511.5826721
62.5	469.75	511.8019104
82.5	469.75	632.0953979
102.5	469.75	573.8306885
122.5	469.75	889.0333252
142.5	469.75	747.0356445
162.5	469.75	658.2053223
182.5	469.75	798.6195679
202.5	469.75	763.717041
222.5	469.75	827.2687988
242.5	469.75	557.2601318
262.5	469.75	292.52005
282.5	469.75	156.6445313
302.5	469.75	97.44451904
322.5	469.75	81.57333374
342.5	469.75	61.27883911
362.5	469.75	18.21417236
382.5	469.75	0.196777344
402.5	469.75	7.614624023
422.5	469.75	47.48675537
442.5	469.75	243.1272888
462.5	469.75	288.1144714
482.5	469.75	517.496521
502.5	469.75	824.9736328
522.5	469.75	711.7420654
542.5	469.75	536.4996948
562.5	469.75	420.7252808
582.5	469.75	398.050354
602.5	469.75	374.2376099
622.5	469.75	369.8632202
642.5	469.75	370.1042786
662.5	469.75	378.1519165
682.5	469.75	398.7649231
702.5	469.75	426.3787231
722.5	469.75	457.6710815
742.5	469.75	483.8654175
762.5	469.75	516.8712158
782.5	469.75	578.9310303
802.5	469.75	638.3135376
822.5	469.75	942.7568359
842.5	469.75	1288.279785
862.5	469.75	1446.172119
882.5	469.75	1418.87207
902.5	469.75	1305.375977
922.5	469.75	1213.678955
942.5	469.75	1162.769897
962.5	469.75	1127.235352
982.5	469.75	1171.295654
1002.5	469.75	1256.737061
1022.5	469.75	1303.148438
1042.5	469.75	1127.983521
1062.5	469.75	898.9499512
1082.5	469.75	999.9024048
1102.5	469.75	1034.340698
1122.5	469.75	1100.785767
1142.5	469.75	1216.930908
1162.5	469.75	1260.03418
1182.5	469.75	1251.761841
1202.5	469.75	1323.264404
1222.5	469.75	1342.333374
1242.5	469.75	1249.883911
1262.5	469.75	1342.712891
1282.5	469.75	1349.14209
1302.5	469.75	1322.678223
1322.5	469.75	1062.214233
1342.5	469.75	1222.058838
-37.5	447.75	-77.95996094
-17.5	447.75	-71.19995117
2.5	447.75	-69.17138672
22.5	447.75	-62.83996582
42.5	447.75	8.68572998
62.5	447.75	108.1600037
82.5	447.75	380.7333374
102.5	447.75	548.0856934
122.5	447.75	548.2399902
142.5	447.75	510.9143066
162.5	447.75	616.3200073
182.5	447.75	496.8999939
202.5	447.75	464.5143433
222.5	447.75	250.0800476
242.5	447.75	293.8857117
262.5	447.75	460.2400513
282.5	447.75	281.9000549
302.5	447.75	26.45715332
322.5	447.75	-1.399963379
342.5	447.75	-1.828552246
362.5	447.75	-10.5199585
382.5	447.75	-24.46661377
402.5	447.75	-13.57141113
422.5	447.75	9.280029297
442.5	447.75	100.5143127
462.5	447.75	316.9200745
482.5	447.75	658.6333008
502.5	447.75	1413.571533
522.5	447.75	1003.720215
542.5	447.75	1007.828613
562.5	447.75	693.4000244
582.5	447.75	591.0999756
602.5	447.75	541
622.5	447.75	457.2800293
642.5	447.75	425.8000183
662.5	447.75	441.6000061
682.5	447.75	479.6667175
702.5	447.75	524.62854
722.5	447.75	584.6800537
742.5	447.75	627.2571411
762.5	447.75	675.1201172
782.5	447.75	699.2667236
802.5	447.75	878.685791
822.5	447.75	1241.400024
842.5	447.75	1462.400024
862.5	447.75	1464.959961
882.5	447.75	1367.233276
902.5	447.75	1311.342896
922.5	447.75	1241.079956
942.5	447.75	1250.771606
962.5	447.75	1183.679932
982.5	447.75	1119.299927
1002.5	447.75	1083.033203
1022.5	447.75	1037.5
1042.5	447.75	948.4857178
1062.5	447.75	889.5200195
1082.5	447.75	857.2333984
1102.5	447.75	923.333252
1122.5	447.75	994.9998779
1142.5	447.75	1050.766724
1162.5	447.75	1143.400024
1182.5	447.75	1265.700195
1202.5	447.75	1254.56665
1222.5	447.75	1135.114258
1242.5	447.75	1114.133423
1262.5	447.75	1188.239868
1282.5	447.75	1208.099854
1302.5	447.75	1133.766602
1322.5	447.75	1091.714355
1342.5	447.75	1138.766846
-37.5	425.75	-71.94281006
-17.5	425.75	-68.14654541
2.5	425.75	-74.59179688
22.5	425.75	-70.22851563
42.5	425.75	-40.55096436
62.5	425.75	-32.34283447
82.5	425.75	33.02893066
102.5	425.75	162.3265686
122.5	425.75	184
142.5	425.75	187.6735229
162.5	425.75	118.7714844
182.5	425.75	193.1477661
202.5	425.75	289.3061218
222.5	425.75	275.7714844
242.5	425.75	162.6938782
262.5	425.75	8.571472168
282.5	425.75	7.979187012
302.5	425.75	16.04083252
322.5	425.75	20.37145996
342.5	425.75	-34.36730957
362.5	425.75	-42.05712891
382.5	425.75	-50.28814697
402.5	425.75	-42.38769531
422.5	425.75	-5.342834473
442.5	425.75	119.7755432
462.5	425.75	265.37146
482.5	425.75	847.8340454
502.5	425.75	1430.775513
522.5	425.75	1333.256958
542.5	425.75	1268.203857
562.5	425.75	1130.771484
582.5	425.75	1068.109619
602.5	425.75	852.5919189
622.5	425.75	688.9144287
642.5	425.75	685.7960205
662.5	425.75	907
682.5	425.75	851.0474854
702.5	425.75	774.9592285
722.5	425.75	865.0286865
742.5	425.75	868.8775635
762.5	425.75	1069.942749
782.5	425.75	1263.060059
802.5	425.75	1327.510376
822.5	425.75	1341.057007
842.5	425.75	1244.673462
862.5	425.75	1243.771362
882.5	425.75	1304.314819
902.5	425.75	1286.612183
922.5	425.75	1172.314209
942.5	425.75	1126.653076
962.5	425.75	1297.371338
982.5	425.75	1243.684204
1002.5	425.75	1198.729492
1022.5	425.75	1145.308105
1042.5	425.75	1062.714355
1062.5	425.75	978.0571289
1082.5	425.75	876.927002
1102.5	425.75	876.0523682
1122.5	425.75	937.1020508
1142.5	425.75	1083.660278
1162.5	425.75	1185.74292
1182.5	425.75	1222.110352
1202.5	425.75	1197.502808
1222.5	425.75	1154.551025
1242.5	425.75	1173.591309
1262.5	425.75	914.9428711
1282.5	425.75	1018.290161
1302.5	425.75	867.6729736
1322.5	425.75	1073.183716
1342.5	425.75	1128.45752
-37.5	403.75	-69.19238281
-17.5	403.75	-74.25939941
2.5	403.75	-73.85101318
22.5	403.75	-69.31842041
42.5	403.75	-78.80206299
62.5	403.75	-81.81115723
82.5	403.75	-61.2545166
102.5	403.75	-32.67211914
122.5	403.75	-20.63330078
142.5	403.75	-22.79083252
162.5	403.75	26.74700928
182.5	403.75	30.86938477
202.5	403.75	48.98608398
222.5	403.75	32.78955078
242.5	403.75	3.48248291
262.5	403.75	17.53393555
282.5	403.75	6.626342773
302.5	403.75	-27.14227295
322.5	403.75	-48.72943115
342.5	403.75	-77.0322876
362.5	403.75	-81.20996094
382.5	403.75	-73.19342041
402.5	403.75	-60.86151123
422.5	403.75	-21.69573975
442.5	403.75	141.3817139
462.5	403.75	345.2558594
482.5	403.75	771.0983276
502.5	403.75	1243.105957
522.5	403.75	1035.138184
542.5	403.75	956.835022
562.5	403.75	903.2844849
582.5	403.75	941.1915283
602.5	403.75	903.8326416
622.5	403.75	865.2399902
642.5	403.75	968.5012207
662.5	403.75	1037.870361
682.5	403.75	904.5497437
702.5	403.75	1053.779053
722.5	403.75	1192.409424
742.5	403.75	1324.800415
762.5	403.75	1405.451538
782.5	403.75	1189.360229
802.5	403.75	1073.551514
822.5	403.75	1281.15979
842.5	403.75	1105.810791
862.5	403.75	1200.233643
882.5	403.75	1172.756348
902.5	403.75	1072.571777
922.5	403.75	998.1265869
942.5	403.75	831.4368286
962.5	403.75	790.2591553
982.5	403.75	866.612915
1002.5	403.75	920.6760254
1022.5	403.75	990.9707642
1042.5	403.75	967.1402588
1062.5	403.75	945.6573486
1082.5	403.75	897.3537598
1102.5	403.75	886.6262207
1122.5	403.75	955.5
1142.5	403.75	1067.647095
1162.5	403.75	1081.996826
1182.5	403.75	1093.700439
1202.5	403.75	1076.671387
1222.5	403.75	948.9523926
1242.5	403.75	774.4935913
1262.5	403.75	691.7553711
1282.5	403.75	676.7132568
1302.5	403.75	642.5822754
1322.5	403.75	722.9285889
1342.5	403.75	724.9046021
-37.5	381.75	-63.44464111
-17.5	381.75	-64.78613281
2.5	381.75	-72.75756836
22.5	381.75	-70.05627441
42.5	381.75	-69.99780273
62.5	381.75	-81.64642334
82.5	381.75	-86.1585083
102.5	381.75	-78.97259521
122.5	381.75	-69.83331299
142.5	381.75	-59.11468506
162.5	381.75	-37.78131104
182.5	381.75	-28.73162842
202.5	381.75	-40.56835938
222.5	381.75	-31.54193115
242.5	381.75	-22.99267578
262.5	381.75	-28.87591553
282.5	381.75	-49.49890137
302.5	381.75	-60.81488037
322.5	381.75	-83.71453857
342.5	381.75	-84.50567627
362.5	381.75	-4.192199707
382.5	381.75	-93.51379395
402.5	381.75	-77.0355835
422.5	381.75	-33.88214111
442.5	381.75	33.89465332
462.5	381.75	245.256897
482.5	381.75	783.704834
502.5	381.75	935.3954468
522.5	381.75	745.3046875
542.5	381.75	908.965332
562.5	381.75	817.2757568
582.5	381.75	586.456543
602.5	381.75	585.9277344
622.5	381.75	501.721283
642.5	381.75	566.0080566
662.5	381.75	592.5911255
682.5	381.75	617.3687134
702.5	381.75	735.4320679
722.5	381.75	856.9650269
742.5	381.75	876.671875
762.5	381.75	956.4851074
782.5	381.75	967.3948364
802.5	381.75	878.3379517
822.5	381.75	995.5693359
842.5	381.75	774.8067017
862.5	381.75	764.401123
882.5	381.75	739.1192627
902.5	381.75	737.0531616
922.5	381.75	737.3453979
942.5	381.75	618.451416
962.5	381.75	760.9800415
982.5	381.75	822.7505493
1002.5	381.75	718.6331787
1022.5	381.75	701.0131836
1042.5	381.75	659.5234375
1062.5	381.75	671.489563
1082.5	381.75	696.855835
1102.5	381.75	714.8631592
1122.5	381.75	746.2619629
1142.5	381.75	791.8755493
1162.5	381.75	928.0820313
1182.5	381.75	1043.37793
1202.5	381.75	949.5810547
1222.5	381.75	634.6190186
1242.5	381.75	560.8220215
1262.5	381.75	519.8187256
1282.5	381.75	458.607666
1302.5	381.75	413.3126526
1322.5	381.75	655.6429443
1342.5	381.75	374.3354492
-37.5	359.75	-53.4810791
-17.5	359.75	-52.19665527
2.5	359.75	-62.69488525
22.5	359.75	-70.06530762
42.5	359.75	-66.58007813
62.5	359.75	-67.37780762
82.5	359.75	-77.65393066
102.5	359.75	-81.28442383
122.5	359.75	-85.5333252
142.5	359.75	-85.39282227
162.5	359.75	-71.54534912
182.5	359.75	-75.47497559
202.5	359.75	-79.50048828
222.5	359.75	-69.77258301
242.5	359.75	-52.41064453
262.5	359.75	-66.96905518
282.5	359.75	-76.65930176
302.5	359.75	-78.48388672
322.5	359.75	-84.78338623
342.5	359.75	140.3658142
362.5	359.75	95.98098755
382.5	359.75	-92.09460449
402.5	359.75	-87.27642822
422.5	359.75	-63.93920898
442.5	359.75	18.67840576
462.5	359.75	165.347168
482.5	359.75	503.9390259
502.5	359.75	398.0312805
522.5	359.75	449.8716125
542.5	359.75	639.7004395
562.5	359.75	559.9036865
582.5	359.75	486.5623474
602.5	359.75	479.9109497
622.5	359.75	362.163208
642.5	359.75	309.756012
662.5	359.75	390.8175049
682.5	359.75	349.0213623
702.5	359.75	384.5322876
722.5	359.75	489.1651611
742.5	359.75	542.0770874
762.5	359.75	617.1560059
782.5	359.75	568.4745483
802.5	359.75	680.2126465
822.5	359.75	702.0092773
842.5	359.75	611.6091309
862.5	359.75	500.81427
882.5	359.75	399.8231201
902.5	359.75	377.3967285
922.5	359.75	326.9464722
942.5	359.75	326.7494507
962.5	359.75	425.5427246
982.5	359.75	520.7442627
1002.5	359.75	545.7122192
1022.5	359.75	540.0135498
1042.5	359.75	598.7954712
1062.5	359.75	598.5645142
1082.5	359.75	680.2297363
1102.5	359.75	740.1604004
1122.5	359.75	666.2381592
1142.5	359.75	757.5861206
1162.5	359.75	732.671936
1182.5	359.75	623.5053101
1202.5	359.75	623.8242188
1222.5	359.75	645.9761963
1242.5	359.75	506.3785706
1262.5	359.75	392.8930664
1282.5	359.75	405.9090576
1302.5	359.75	367.6026611
1322.5	359.75	421.2857361
1342.5	359.75	229.0111694
-37.5	337.75	-41.75994873
-17.5	337.75	-46.89996338
2.5	337.75	-45.48565674
22.5	337.75	-56.23999023
42.5	337.75	-64.7142334
62.5	337.75	-65.7199707
82.5	337.75	-69.79998779
102.5	337.75	-74
122.5	337.75	-76.95996094
142.5	337.75	-74.8571167
162.5	337.75	-66.5199585
182.5	337.75	-64
202.5	337.75	-73.91424561
222.5	337.75	-62.59997559
242.5	337.75	-72.97137451
262.5	337.75	-64.91998291
282.5	337.75	-55
302.5	337.75	-42.28570557
322.5	337.75	-24.39996338
342.5	337.75	847.8286133
362.5	337.75	300.4799805
382.5	337.75	-91.79992676
402.5	337.75	-98.25714111
422.5	337.75	-90.95996094
442.5	337.75	-7.657104492
462.5	337.75	85.32003784
482.5	337.75	199.8000488
502.5	337.75	217.5428772
522.5	337.75	196.5600281
542.5	337.75	378.000061
562.5	337.75	287.8000488
582.5	337.75	246.0000305
602.5	337.75	254.4571228
622.5	337.75	215.3200073
642.5	337.75	244.3143005
662.5	337.75	201.2799988
682.5	337.75	221.8666992
702.5	337.75	341.4571838
722.5	337.75	313.6400452
742.5	337.75	315.4571838
762.5	337.75	326.2000427
782.5	337.75	293.7000427
802.5	337.75	336.5428772
822.5	337.75	256.2400513
842.5	337.75	301.2285461
862.5	337.75	256.4800415
882.5	337.75	210.5333557
902.5	337.75	272.0857544
922.5	337.75	316.0400696
942.5	337.75	379.1714478
962.5	337.75	357.0000305
982.5	337.75	162.3666992
1002.5	337.75	96.90002441
1022.5	337.75	155.2333374
1042.5	337.75	263.2000427
1062.5	337.75	442.3999939
1082.5	337.75	561.6000366
1102.5	337.75	643.4000244
1122.5	337.75	601.4285889
1142.5	337.75	646.0001221
1162.5	337.75	591
1182.5	337.75	602.4667358
1202.5	337.75	545.6334229
1222.5	337.75	439.3143616
1242.5	337.75	288.5333862
1262.5	337.75	420.6399841
1282.5	337.75	568.5666504
1302.5	337.75	358.166687
1322.5	337.75	438.0571899
1342.5	337.75	272.5333557
-37.5	315.75	-32.8416748
-17.5	315.75	-37.75823975
2.5	315.75	-41.46643066
22.5	315.75	-45.17419434
42.5	315.75	-46.52087402
62.5	315.75	-44.11053467
82.5	315.75	-50.1854248
102.5	315.75	-56.74108887
122.5	315.75	-63.56665039
142.5	315.75	-62.99676514
162.5	315.75	-51.88372803
182.5	315.75	-50.00860596
202.5	315.75	-53.45629883
222.5	315.75	-39.52453613
242.5	315.75	-43.21350098
262.5	315.75	-40.83306885
282.5	315.75	-32.64709473
302.5	315.75	-15.42974854
322.5	315.75	71.16918945
342.5	315.75	665.8407593
362.5	315.75	91.08773804
382.5	315.75	-99.31634521
402.5	315.75	-106.84021
422.5	315.75	-103.1567993
442.5	315.75	-82.03747559
462.5	315.75	-5.815979004
482.5	315.75	43.84643555
502.5	315.75	106.9177856
522.5	315.75	145.6188049
542.5	315.75	76.19915771
562.5	315.75	86.646698
582.5	315.75	120.5379333
602.5	315.75	139.9301453
622.5	315.75	109.2952576
642.5	315.75	95.89694214
662.5	315.75	99.99227905
682.5	315.75	145.6703491
702.5	315.75	200.3746948
722.5	315.75	234.2308044
742.5	315.75	209.4118958
762.5	315.75	253.2206726
782.5	315.75	209.1161804
802.5	315.75	143.1279907
822.5	315.75	58.75076294
842.5	315.75	76.56103516
862.5	315.75	73.29574585
882.5	315.75	128.3317261
902.5	315.75	168.9623108
922.5	315.75	108.8064575
942.5	315.75	65.56997681
962.5	315.75	64.83996582
982.5	315.75	46.48693848
1002.5	315.75	80.95724487
1022.5	315.75	169.0867004
1042.5	315.75	246.3172302
1062.5	315.75	333.6829224
1082.5	315.75	347.6590576
1102.5	315.75	468.661438
1122.5	315.75	669.8809814
1142.5	315.75	594.9504395
1162.5	315.75	474.9801331
1182.5	315.75	459.5829468
1202.5	315.75	382.638855
1222.5	315.75	308.4285889
1242.5	315.75	214.8763123
1262.5	315.75	150.3096313
1282.5	315.75	251.5832825
1302.5	315.75	312.9535217
1322.5	315.75	333.5953064
1342.5	315.75	153.9645081
-37.5	293.75	-25.79998779
-17.5	293.75	-32.97607422
2.5	293.75	-33.61224365
22.5	293.75	-31.65710449
42.5	293.75	-28.91833496
62.5	293.75	-30.34283447
82.5	293.75	-34.60174561
102.5	293.75	-39.7142334
122.5	293.75	-36.25714111
142.5	293.75	-46.89794922
162.5	293.75	-46.45709229
182.5	293.75	-43.51751709
202.5	293.75	-38.14282227
222.5	293.75	-33
242.5	293.75	-24.04077148
262.5	293.75	-24.22851563
282.5	293.75	-6.017272949
302.5	293.75	25.7755127
322.5	293.75	119.4286194
342.5	293.75	410.4082031
362.5	293.75	-41.25708008
382.5	293.75	-99.57458496
402.5	293.75	-107.8366699
422.5	293.75	-135.7142334
442.5	293.75	-241.3469238
462.5	293.75	-188.7713623
482.5	293.75	-79.95318604
502.5	293.75	-176.2857056
522.5	293.75	-83.8571167
542.5	293.75	-15.18365479
562.5	293.75	-8.828552246
582.5	293.75	-0.080383301
602.5	293.75	12.18371582
622.5	293.75	39.08575439
642.5	293.75	18.67352295
662.5	293.75	41.94287109
682.5	293.75	147.8708801
702.5	293.75	134.959198
722.5	293.75	93.77145386
742.5	293.75	104.2245483
762.5	293.75	93.20001221
782.5	293.75	149.3195801
802.5	293.75	106.8979797
822.5	293.75	60.91430664
842.5	293.75	32.51025391
862.5	293.75	28.68572998
882.5	293.75	79.42630005
902.5	293.75	61.1020813
922.5	293.75	43.11431885
942.5	293.75	89.87759399
962.5	293.75	171.9143066
982.5	293.75	97.47711182
1002.5	293.75	104.4533081
1022.5	293.75	138.2680664
1042.5	293.75	130.1020813
1062.5	293.75	103.7142944
1082.5	293.75	153.8419495
1102.5	293.75	242.2649536
1122.5	293.75	284.755188
1142.5	293.75	196.068573
1162.5	293.75	144.028595
1182.5	293.75	316.2495728
1202.5	293.75	280.6973572
1222.5	293.75	221.8571472
1242.5	293.75	279.5949402
1262.5	293.75	344.7429199
1282.5	293.75	189.1262817
1302.5	293.75	185.9546204
1322.5	293.75	159.4082031
1342.5	293.75	39.23699951
-37.5	271.75	-23.46429443
-17.5	271.75	-25.94525146
2.5	271.75	-24.86560059
22.5	271.75	-25.7121582
42.5	271.75	-23.80627441
62.5	271.75	-27.99554443
82.5	271.75	-28.38739014
102.5	271.75	-26.95056152
122.5	271.75	-27.5333252
142.5	271.75	-33.19726563
162.5	271.75	-32.42443848
182.5	271.75	-25.91345215
202.5	271.75	-25.77111816
222.5	271.75	-21.58972168
242.5	271.75	-19.73150635
262.5	271.75	-5.698852539
282.5	271.75	30.6763916
302.5	271.75	74.64941406
322.5	271.75	198.4072571
342.5	271.75	446.9421387
362.5	271.75	-6.342163086
382.5	271.75	-113.3075562
402.5	271.75	-134.9524536
422.5	271.75	-275.8668823
442.5	271.75	-638.2982178
462.5	271.75	-532.6434326
482.5	271.75	-325.4611206
502.5	271.75	-279.149292
522.5	271.75	-230.5010376
542.5	271.75	-171.3061523
562.5	271.75	-137.4591064
582.5	271.75	-88.99761963
602.5	271.75	-109.5681763
622.5	271.75	-33.38720703
642.5	271.75	2.148681641
662.5	271.75	-0.807617188
682.5	271.75	5.649719238
702.5	271.75	9.466430664
722.5	271.75	8.667358398
742.5	271.75	12.81317139
762.5	271.75	21.07183838
782.5	271.75	29.60064697
802.5	271.75	42.01403809
822.5	271.75	126.8938293
842.5	271.75	28.28955078
862.5	271.75	11.2230835
882.5	271.75	15.38458252
902.5	271.75	13.95349121
922.5	271.75	32.1036377
942.5	271.75	62.76504517
962.5	271.75	92.69076538
982.5	271.75	142.444458
1002.5	271.75	47.23187256
1022.5	271.75	58.43029785
1042.5	271.75	38.22406006
1062.5	271.75	35.534729
1082.5	271.75	36.47662354
1102.5	271.75	40.7434082
1122.5	271.75	0.452392578
1142.5	271.75	14.60144043
1162.5	271.75	25.88763428
1182.5	271.75	51.44842529
1202.5	271.75	47.40362549
1222.5	271.75	93.02383423
1242.5	271.75	184.5910645
1262.5	271.75	63.08166504
1282.5	271.75	17.03594971
1302.5	271.75	10.51519775
1322.5	271.75	-9.785705566
1342.5	271.75	-11.02441406
-37.5	249.75	-14.27624512
-17.5	249.75	-18.20758057
2.5	249.75	-23.16918945
22.5	249.75	-24.70922852
42.5	249.75	-18.89093018
62.5	249.75	-24.19024658
82.5	249.75	-27.29101563
102.5	249.75	-30.02233887
122.5	249.75	-27.06665039
142.5	249.75	-23.00378418
162.5	249.75	-22.05761719
182.5	249.75	-23.14233398
202.5	249.75	-23.59204102
222.5	249.75	-16.31103516
242.5	249.75	-6.477355957
262.5	249.75	20.21466064
282.5	249.75	81.34356689
302.5	249.75	128.2780151
322.5	249.75	221.5523682
342.5	249.75	383.2827148
362.5	249.75	-11.1739502
382.5	249.75	-149.0794678
402.5	249.75	-218.9546509
422.5	249.75	-471.6878662
442.5	249.75	-1166.918335
462.5	249.75	-1135.348267
482.5	249.75	-959.2131348
502.5	249.75	-815.6894531
522.5	249.75	-597.1641846
542.5	249.75	-452.4758911
562.5	249.75	-441.9084473
582.5	249.75	-477.8347168
602.5	249.75	-441.1359863
622.5	249.75	-420.229187
642.5	249.75	-338.505127
662.5	249.75	-355.6738892
682.5	249.75	-480.7640381
702.5	249.75	-463.1605225
722.5	249.75	-282.4451904
742.5	249.75	-137.8148193
762.5	249.75	-29.12298584
782.5	249.75	-157.8638306
802.5	249.75	-101.9098511
822.5	249.75	-11.42932129
842.5	249.75	20.90551758
862.5	249.75	14.79016113
882.5	249.75	7.25769043
902.5	249.75	13.20391846
922.5	249.75	23.46228027
942.5	249.75	21.4732666
962.5	249.75	19.6932373
982.5	249.75	18.22186279
1002.5	249.75	13.90148926
1022.5	249.75	19.96960449
1042.5	249.75	7.892272949
1062.5	249.75	7.561950684
1082.5	249.75	-6.214172363
1102.5	249.75	-0.270935059
1122.5	249.75	-8.071411133
1142.5	249.75	-6.164001465
1162.5	249.75	3.880249023
1182.5	249.75	9.293945313
1202.5	249.75	-32.07971191
1222.5	249.75	-138.8095093
1242.5	249.75	-149.008728
1262.5	249.75	-31.32116699
1282.5	249.75	-10.63739014
1302.5	249.75	-27.28656006
1322.5	249.75	-62.23803711
1342.5	249.75	-57.51245117
-37.5	227.75	-14.43994141
-17.5	227.75	-10.19995117
2.5	227.75	-18.28570557
22.5	227.75	-21.95996094
42.5	227.75	-20.28570557
62.5	227.75	-21.11999512
82.5	227.75	-21.73327637
102.5	227.75	-21.39996338
122.5	227.75	-20.35998535
142.5	227.75	-16.97137451
162.5	227.75	-23.7199707
182.5	227.75	-20.89996338
202.5	227.75	-13.45709229
222.5	227.75	-3.719970703
242.5	227.75	21.51428223
262.5	227.75	64.40002441
282.5	227.75	133.9333496
302.5	227.75	178.1714783
322.5	227.75	339.480011
342.5	227.75	400.3428955
362.5	227.75	-15.44000244
382.5	227.75	-131.9666748
402.5	227.75	-281.68573
422.5	227.75	-821.1599121
442.5	227.75	-1239.371338
462.5	227.75	-1343.239868
482.5	227.75	-1279.60022
502.5	227.75	-1184.999878
522.5	227.75	-1234.639893
542.5	227.75	-1184.285645
562.5	227.75	-1201.880005
582.5	227.75	-1182.133179
602.5	227.75	-808.5141602
622.5	227.75	-873.2800293
642.5	227.75	-835.2283936
662.5	227.75	-948.9199219
682.5	227.75	-1077.099854
702.5	227.75	-1044.714111
722.5	227.75	-924.8399658
742.5	227.75	-903.7713623
762.5	227.75	-814.5200195
782.5	227.75	-806.7332764
802.5	227.75	-710.8284912
822.5	227.75	-497.3199463
842.5	227.75	-76.68566895
862.5	227.75	-13.67999268
882.5	227.75	-7.166625977
902.5	227.75	-11.77142334
922.5	227.75	-78.7199707
942.5	227.75	-136.8856812
962.5	227.75	-369.4799805
982.5	227.75	-351.5333252
1002.5	227.75	-242.1999512
1022.5	227.75	-144.3666382
1042.5	227.75	-149.8285522
1062.5	227.75	-221.5999756
1082.5	227.75	-201.333313
1102.5	227.75	-87.89996338
1122.5	227.75	-233.9142456
1142.5	227.75	-266.9666748
1162.5	227.75	-265.4400024
1182.5	227.75	-277.0333252
1202.5	227.75	-758.0666504
1222.5	227.75	-983.5712891
1242.5	227.75	-948.0332031
1262.5	227.75	-640.039917
1282.5	227.75	-220.2999878
1302.5	227.75	-176
1322.5	227.75	-134.1999512
1342.5	227.75	-89.43328857
-37.5	205.75	-20.89337158
-17.5	205.75	-12.0524292
2.5	205.75	-14.23156738
22.5	205.75	-14.63299561
42.5	205.75	-14.44116211
62.5	205.75	-16.52825928
82.5	205.75	-12.87139893
102.5	205.75	-12.61633301
122.5	205.75	-15.59997559
142.5	205.75	-19.45074463
162.5	205.75	-17.72540283
182.5	205.75	-9.267944336
202.5	205.75	5.640258789
222.5	205.75	34.88702393
242.5	205.75	67.4475708
262.5	205.75	115.1271057
282.5	205.75	194.2388306
302.5	205.75	274.5349426
322.5	205.75	451.3442688
342.5	205.75	359.1995239
362.5	205.75	42.29931641
382.5	205.75	-80.15692139
402.5	205.75	-250.3046875
422.5	205.75	-771.0020752
442.5	205.75	-1198.188599
462.5	205.75	-1518.736328
482.5	205.75	-1500.87207
502.5	205.75	-1543.69165
522.5	205.75	-1537.645508
542.5	205.75	-1480.731934
562.5	205.75	-1614.955566
582.5	205.75	-1634.126465
602.5	205.75	-1520.844727
622.5	205.75	-1334.494629
642.5	205.75	-1318.416748
662.5	205.75	-1256.329712
682.5	205.75	-1269.659058
702.5	205.75	-1320.53772
722.5	205.75	-1321.918335
742.5	205.75	-1395.512451
762.5	205.75	-1432.664917
782.5	205.75	-1375.849854
802.5	205.75	-1368.93042
822.5	205.75	-1474.040649
842.5	205.75	-914.7315674
862.5	205.75	-645.3208008
882.5	205.75	-446.8450317
902.5	205.75	-563.4674072
922.5	205.75	-966.3076172
942.5	205.75	-1092.442505
962.5	205.75	-1377.046875
982.5	205.75	-1368.051025
1002.5	205.75	-1417.548828
1022.5	205.75	-1155.205811
1042.5	205.75	-968.456665
1062.5	205.75	-1055.692139
1082.5	205.75	-1096.400391
1102.5	205.75	-727.75354
1122.5	205.75	-911.4285889
1142.5	205.75	-1050.642944
1162.5	205.75	-877.2526855
1182.5	205.75	-902.3630371
1202.5	205.75	-1455.692261
1222.5	205.75	-1270.214233
1242.5	205.75	-1435.364868
1262.5	205.75	-1322.327026
1282.5	205.75	-1091.281006
1302.5	205.75	-880.9387207
1322.5	205.75	-421.2618408
1342.5	205.75	-128.638855
-37.5	183.75	-17.91424561
-17.5	183.75	-14.2666626
2.5	183.75	-11.7142334
22.5	183.75	-8.257141113
42.5	183.75	-7.918334961
62.5	183.75	-10.05712891
82.5	183.75	-13.7722168
102.5	183.75	-14.79589844
122.5	183.75	-15.57141113
142.5	183.75	-14.16320801
162.5	183.75	-6.657104492
182.5	183.75	1.777770996
202.5	183.75	29.93878174
222.5	183.75	67.6000061
242.5	183.75	104.0408325
262.5	183.75	150.2000122
282.5	183.75	236.9094238
302.5	183.75	324.0816956
322.5	183.75	523.7142944
342.5	183.75	710.244873
362.5	183.75	156.3428955
382.5	183.75	-24.64642334
402.5	183.75	-119.4898071
422.5	183.75	-356.3143311
442.5	183.75	-761.3266602
462.5	183.75	-1273.428467
482.5	183.75	-1659.413818
502.5	183.75	-1824.387695
522.5	183.75	-1982.628418
542.5	183.75	-1848.632568
562.5	183.75	-1859
582.5	183.75	-1982.273438
602.5	183.75	-1905.551025
622.5	183.75	-2078.285645
642.5	183.75	-1911.999756
662.5	183.75	-1645.856934
682.5	183.75	-1944.435791
702.5	183.75	-2121.183838
722.5	183.75	-2121.685791
742.5	183.75	-2059.224365
762.5	183.75	-2069.314209
782.5	183.75	-2042.709961
802.5	183.75	-1964.979736
822.5	183.75	-1843
842.5	183.75	-1734.612305
862.5	183.75	-1562.028564
882.5	183.75	-1513.406006
902.5	183.75	-1591.061279
922.5	183.75	-1745.914307
942.5	183.75	-1785.673584
962.5	183.75	-1835.542969
982.5	183.75	-1884.869141
1002.5	183.75	-1881.047852
1022.5	183.75	-1771.620605
1042.5	183.75	-1758.755127
1062.5	183.75	-1766.199951
1082.5	183.75	-1865.784668
1102.5	183.75	-1775.812012
1122.5	183.75	-1798.122559
1142.5	183.75	-1716.273682
1162.5	183.75	-1790.885742
1182.5	183.75	-1532.838135
1202.5	183.75	-2228.271484
1222.5	183.75	-2089.796143
1242.5	183.75	-2249.179932
1262.5	183.75	-2346.885742
1282.5	183.75	-1935.072266
1302.5	183.75	-1198.911499
1322.5	183.75	-368.3877563
1342.5	183.75	-107.0612793
-37.5	161.75	-17.03094482
-17.5	161.75	-8.37121582
2.5	161.75	-9.13659668
22.5	161.75	-8.167602539
42.5	161.75	-5.734008789
62.5	161.75	-9.658325195
82.5	161.75	-11.12133789
102.5	161.75	-7.853027344
122.5	161.75	-6.599975586
142.5	161.75	-3.786193848
162.5	161.75	-0.770812988
182.5	161.75	7.887695313
202.5	161.75	45.81152344
222.5	161.75	86.12353516
242.5	161.75	128.6645813
262.5	161.75	171.160675
282.5	161.75	244.1242676
302.5	161.75	322.2224121
322.5	161.75	523.3037109
342.5	161.75	811.3230591
362.5	161.75	304.7532349
382.5	161.75	44.48413086
402.5	161.75	-38.68670654
422.5	161.75	-179.0323486
442.5	161.75	-309.2711792
462.5	161.75	-703.8482666
482.5	161.75	-1284.415649
502.5	161.75	-1815.506836
522.5	161.75	-2483.941895
542.5	161.75	-2680.330078
562.5	161.75	-2702.492432
582.5	161.75	-2822.079834
602.5	161.75	-2867.043945
622.5	161.75	-2702.787598
642.5	161.75	-2581.313721
662.5	161.75	-2673.144043
682.5	161.75	-2699.1875
702.5	161.75	-2574.791016
722.5	161.75	-2487.019287
742.5	161.75	-2472.047852
762.5	161.75	-2388.870361
782.5	161.75	-2425.502686
802.5	161.75	-2292.932129
822.5	161.75	-2235.337158
842.5	161.75	-2080.831055
862.5	161.75	-1978.693604
882.5	161.75	-2018.761719
902.5	161.75	-2128.987305
922.5	161.75	-2092.273926
942.5	161.75	-2186.465576
962.5	161.75	-2224.726563
982.5	161.75	-2203.385498
1002.5	161.75	-2160.296631
1022.5	161.75	-2290.512695
1042.5	161.75	-2419.799072
1062.5	161.75	-2582.437012
1082.5	161.75	-2548.765137
1102.5	161.75	-2525.666748
1122.5	161.75	-2633.761719
1142.5	161.75	-2659.724121
1162.5	161.75	-2791.685547
1182.5	161.75	-2933.074951
1202.5	161.75	-3010.637939
1222.5	161.75	-2855.928223
1242.5	161.75	-2624.317627
1262.5	161.75	-2170.542725
1282.5	161.75	-1332.709595
1302.5	161.75	-515.2912598
1322.5	161.75	-128.8571167
1342.5	161.75	-81.8269043
-37.5	139.75	-11.81079102
-17.5	139.75	-2.375183105
2.5	139.75	-4.062194824
22.5	139.75	-2.830566406
42.5	139.75	-1.811035156
62.5	139.75	-5.056518555
82.5	139.75	-2.922241211
102.5	139.75	0.362304688
122.5	139.75	0.433349609
142.5	139.75	1.419555664
162.5	139.75	7.431091309
182.5	139.75	31.78302002
202.5	139.75	66.79022217
222.5	139.75	104.6515503
242.5	139.75	144.8528748
262.5	139.75	177.7766418
282.5	139.75	226.4633484
302.5	139.75	309.6754761
322.5	139.75	457.3919678
342.5	139.75	723.1411133
362.5	139.75	615.704895
382.5	139.75	173.936615
402.5	139.75	24.13342285
422.5	139.75	-41.97692871
442.5	139.75	-140.27948
462.5	139.75	-266.1184692
482.5	139.75	-535.3291016
502.5	139.75	-1080.859863
522.5	139.75	-1817.594971
542.5	139.75	-2193.039307
562.5	139.75	-2686.544922
582.5	139.75	-3108.687256
602.5	139.75	-3263.219971
622.5	139.75	-3275.348389
642.5	139.75	-3222.413818
662.5	139.75	-3259.707275
682.5	139.75	-3261.585693
702.5	139.75	-3121.505127
722.5	139.75	-3013.368652
742.5	139.75	-2991.023193
762.5	139.75	-2979.903809
782.5	139.75	-2887.110352
802.5	139.75	-2818.378906
822.5	139.75	-2702.282471
842.5	139.75	-2510.225342
862.5	139.75	-2472.361084
882.5	139.75	-2681.313721
902.5	139.75	-2863.948242
922.5	139.75	-3057.92749
942.5	139.75	-2947.972168
962.5	139.75	-2998.755615
982.5	139.75	-3052.259521
1002.5	139.75	-3035.140869
1022.5	139.75	-3032.262207
1042.5	139.75	-3102.474365
1062.5	139.75	-3086.571533
1082.5	139.75	-3111.013672
1102.5	139.75	-2992.133057
1122.5	139.75	-2912.571045
1142.5	139.75	-3084.501465
1162.5	139.75	-3125.902832
1182.5	139.75	-3042.34668
1202.5	139.75	-2879.143311
1222.5	139.75	-2646.119141
1242.5	139.75	-2208.735352
1262.5	139.75	-1352.097534
1282.5	139.75	-866.1070557
1302.5	139.75	-660.9689941
1322.5	139.75	-182.0238037
1342.5	139.75	-101.7613525
-37.5	117.75	12.36004639
-17.5	117.75	28.9666748
2.5	117.75	36.02862549
22.5	117.75	36.16003418
42.5	117.75	28.74285889
62.5	117.75	22.80004883
82.5	117.75	14.33337402
102.5	117.75	7.714294434
122.5	117.75	9.320007324
142.5	117.75	22.11431885
162.5	117.75	48
182.5	117.75	69.7333374
202.5	117.75	87.28573608
222.5	117.75	113.0800171
242.5	117.75	139.8285828
262.5	117.75	171.1200256
282.5	117.75	207.5333252
302.5	117.75	327.5714722
322.5	117.75	399.3200073
342.5	117.75	812.37146
362.5	117.75	880.3599854
382.5	117.75	489.833374
402.5	117.75	162.3428955
422.5	117.75	30.12005615
442.5	117.75	-23.31427002
462.5	117.75	-23.95996094
482.5	117.75	-87.06665039
502.5	117.75	-312.2856445
522.5	117.75	-638.2000732
542.5	117.75	-902.2570801
562.5	117.75	-1138.159912
582.5	117.75	-1683.466309
602.5	117.75	-2848.256836
622.5	117.75	-3310.760498
642.5	117.75	-3320.000244
662.5	117.75	-3349.359863
682.5	117.75	-3375.766602
702.5	117.75	-3334.02832
722.5	117.75	-3262.839844
742.5	117.75	-3321.885742
762.5	117.75	-3333.880371
782.5	117.75	-3332.533203
802.5	117.75	-3341.800049
822.5	117.75	-3412.320068
842.5	117.75	-3266.542969
862.5	117.75	-3317.840088
882.5	117.75	-3343.433105
902.5	117.75	-3322.942627
922.5	117.75	-3368.360107
942.5	117.75	-3312.057373
962.5	117.75	-3278.759766
982.5	117.75	-3283.833252
1002.5	117.75	-3259.467041
1022.5	117.75	-3243.699951
1042.5	117.75	-3210.799561
1062.5	117.75	-3168.440186
1082.5	117.75	-3149.300293
1102.5	117.75	-3102.366699
1122.5	117.75	-2970.51416
1142.5	117.75	-2999.666748
1162.5	117.75	-2871.800049
1182.5	117.75	-2613.666504
1202.5	117.75	-2431.5
1222.5	117.75	-2254.914307
1242.5	117.75	-2024.466553
1262.5	117.75	-1587.439941
1282.5	117.75	-1433.199829
1302.5	117.75	-571.833252
1322.5	117.75	-244.2570801
1342.5	117.75	-122.666626
-37.5	95.75	41.60217285
-17.5	95.75	62.86175537
2.5	95.75	80.10467529
22.5	95.75	91.65509033
42.5	95.75	94.31732178
62.5	95.75	89.77233887
82.5	95.75	83.92773438
102.5	95.75	76.31942749
122.5	95.75	73.00003052
142.5	95.75	80.75094604
162.5	95.75	91.64202881
182.5	95.75	94.07061768
202.5	95.75	101.8237
222.5	95.75	114.6921387
242.5	95.75	132.0189209
262.5	95.75	158.4500427
282.5	95.75	195.0791016
302.5	95.75	242.5357971
322.5	95.75	326.0799561
342.5	95.75	676.7749023
362.5	95.75	853.0136108
382.5	95.75	861.2980957
402.5	95.75	510.1803284
422.5	95.75	228.9236755
442.5	95.75	85.52194214
462.5	95.75	33.60351563
482.5	95.75	10.92572021
502.5	95.75	-0.814697266
522.5	95.75	8.097229004
542.5	95.75	-2.993713379
562.5	95.75	-69.08044434
582.5	95.75	-627.989624
602.5	95.75	-1983.099121
622.5	95.75	-3111.197998
642.5	95.75	-3304.480713
662.5	95.75	-3335.330566
682.5	95.75	-3343.690918
702.5	95.75	-3338.178223
722.5	95.75	-3322.674316
742.5	95.75	-3343.885254
762.5	95.75	-3378.108643
782.5	95.75	-3370.269287
802.5	95.75	-3341.603271
822.5	95.75	-3347.441406
842.5	95.75	-3343.866699
862.5	95.75	-3351.158203
882.5	95.75	-3436.124756
902.5	95.75	-3238.687012
922.5	95.75	-3307.758545
942.5	95.75	-3326.486572
962.5	95.75	-3313.589111
982.5	95.75	-3325.991699
1002.5	95.75	-3285.861084
1022.5	95.75	-3173.908936
1042.5	95.75	-3230.038574
1062.5	95.75	-3073.397949
1082.5	95.75	-2788.078857
1102.5	95.75	-2620.349365
1122.5	95.75	-2400.500244
1142.5	95.75	-2207.973145
1162.5	95.75	-2009.449219
1182.5	95.75	-2117.941162
1202.5	95.75	-2440.685059
1222.5	95.75	-2726.595215
1242.5	95.75	-2815.768555
1262.5	95.75	-2253.852783
1282.5	95.75	-1354.77063
1302.5	95.75	-802.1098633
1322.5	95.75	-443.4047852
1342.5	95.75	-224.1491699
-37.5	73.75	57.60003662
-17.5	73.75	81.19851685
2.5	73.75	103.959198
22.5	73.75	118.5714417
42.5	73.75	127.1632996
62.5	73.75	128.8000183
82.5	73.75	127.849823
102.5	73.75	121.122467
122.5	73.75	114.1428833
142.5	73.75	112.1632996
162.5	73.75	111.5428772
182.5	73.75	108.7036133
202.5	73.75	109.1632996
222.5	73.75	115.6571655
242.5	73.75	126.4694214
262.5	73.75	150.0857544
282.5	73.75	176.0321045
302.5	73.75	211.4489746
322.5	73.75	270.5715027
342.5	73.75	428.2041321
362.5	73.75	677.8570557
382.5	73.75	708.9035645
402.5	73.75	885.2041016
422.5	73.75	717.6572266
442.5	73.75	376.5918579
462.5	73.75	176.6571655
482.5	73.75	104.1324158
502.5	73.75	76.26531982
522.5	73.75	94.17144775
542.5	73.75	67.63269043
562.5	73.75	62.77145386
582.5	73.75	-3.111572266
602.5	73.75	-673.1224365
622.5	73.75	-2189.885986
642.5	73.75	-3114.979492
662.5	73.75	-3276.428467
682.5	73.75	-3340.352295
702.5	73.75	-3342.754639
722.5	73.75	-3348.742432
742.5	73.75	-3346.754883
762.5	73.75	-3342.457275
782.5	73.75	-3318.192627
802.5	73.75	-3328
822.5	73.75	-3355.88623
842.5	73.75	-3356.469727
862.5	73.75	-3344.942627
882.5	73.75	-3387.178955
902.5	73.75	-3287.734619
922.5	73.75	-3211.656982
942.5	73.75	-3258.224609
962.5	73.75	-3309.399414
982.5	73.75	-3312.699463
1002.5	73.75	-3191.298584
1022.5	73.75	-2881.038574
1042.5	73.75	-2936.224121
1062.5	73.75	-2738.657227
1082.5	73.75	-2393.942871
1102.5	73.75	-2079.641113
1122.5	73.75	-1970.877441
1142.5	73.75	-2098.269531
1162.5	73.75	-2058.428711
1182.5	73.75	-2389.186768
1202.5	73.75	-2909.388428
1222.5	73.75	-2963.67334
1242.5	73.75	-2389.777588
1262.5	73.75	-1342.371582
1282.5	73.75	-1253.946777
1302.5	73.75	-1142.068604
1322.5	73.75	-843.163208
1342.5	73.75	-395.6569214
-37.5	51.75	67.38796997
-17.5	51.75	89.82424927
2.5	51.75	113.4333496
22.5	51.75	133.1046753
42.5	51.75	144.4309692
62.5	51.75	146.8718567
82.5	51.75	148.3905029
102.5	51.75	146.2272644
122.5	51.75	135.0666809
142.5	51.75	126.6108398
162.5	51.75	119.2214966
182.5	51.75	117.1676941
202.5	51.75	113.0153503
222.5	51.75	109.0812683
242.5	51.75	115.7400513
262.5	51.75	134.033905
282.5	51.75	162.007782
302.5	51.75	193.3659668
322.5	51.75	237.1416626
342.5	51.75	294.6699219
362.5	51.75	450.7079773
382.5	51.75	546.3652954
402.5	51.75	661.5258179
422.5	51.75	1112.432739
442.5	51.75	1026.4198
462.5	51.75	665.8118896
482.5	51.75	476.0696411
502.5	51.75	562.7425537
522.5	51.75	615.93927
542.5	51.75	436.9354858
562.5	51.75	410.4508667
582.5	51.75	266.8004761
602.5	51.75	140.3413696
622.5	51.75	-780.0598145
642.5	51.75	-2454.790527
662.5	51.75	-2876.587402
682.5	51.75	-3225.02832
702.5	51.75	-3338.833984
722.5	51.75	-3312.387695
742.5	51.75	-3292.435791
762.5	51.75	-3226.178223
782.5	51.75	-3300.207764
802.5	51.75	-3350.530273
822.5	51.75	-3348.468506
842.5	51.75	-3348.579346
862.5	51.75	-3354.222168
882.5	51.75	-3344.878662
902.5	51.75	-3343.603516
922.5	51.75	-3356.291504
942.5	51.75	-3222.967041
962.5	51.75	-2906.362549
982.5	51.75	-2748.022949
1002.5	51.75	-2778.921631
1022.5	51.75	-2798.486328
1042.5	51.75	-2714.951416
1062.5	51.75	-2508.131836
1082.5	51.75	-2178.963379
1102.5	51.75	-2003.029541
1122.5	51.75	-2988.071289
1142.5	51.75	-3285.510986
1162.5	51.75	-2979.621338
1182.5	51.75	-2533.942139
1202.5	51.75	-2873.938477
1222.5	51.75	-2775.023926
1242.5	51.75	-1591.933838
1262.5	51.75	-1328.099609
1282.5	51.75	-1394.567993
1302.5	51.75	-1354.777222
1322.5	51.75	-1208.666504
1342.5	51.75	-867.2375488
-37.5	29.75	78.60461426
-17.5	29.75	95.98040771
2.5	29.75	119.0949402
22.5	29.75	140.4904175
42.5	29.75	144.2354736
62.5	29.75	143.5380554
82.5	29.75	141.2730408
102.5	29.75	139.6293335
122.5	29.75	139.1333923
142.5	29.75	133.3386841
162.5	29.75	124.5174255
182.5	29.75	117.4445496
202.5	29.75	109.4310913
222.5	29.75	99.14648438
242.5	29.75	106.2978821
262.5	29.75	126.1018372
282.5	29.75	149.4395752
302.5	29.75	177.2290649
322.5	29.75	209.04953
342.5	29.75	253.8310242
362.5	29.75	321.6948242
382.5	29.75	397.7636719
402.5	29.75	541.0911255
422.5	29.75	1195.986816
442.5	29.75	1386.603271
462.5	29.75	1244.338867
482.5	29.75	1448.984253
502.5	29.75	1130.252319
522.5	29.75	709.586792
542.5	29.75	714.2851563
562.5	29.75	836.3479614
582.5	29.75	780.1970215
602.5	29.75	459.5336609
622.5	29.75	-185.3536377
642.5	29.75	-1495.0625
662.5	29.75	-2278.875
682.5	29.75	-2889.912109
702.5	29.75	-3179.86499
722.5	29.75	-3258.790527
742.5	29.75	-3315.608643
762.5	29.75	-3286.48999
782.5	29.75	-3276.927246
802.5	29.75	-3341.197266
822.5	29.75	-3347.433105
842.5	29.75	-3340.740723
862.5	29.75	-3349.92627
882.5	29.75	-3343.358643
902.5	29.75	-3385.465332
922.5	29.75	-3385.622803
942.5	29.75	-3116.228027
962.5	29.75	-2777.466797
982.5	29.75	-2810.921387
1002.5	29.75	-2761.877197
1022.5	29.75	-2695.512695
1042.5	29.75	-2715.840088
1062.5	29.75	-2704.272217
1082.5	29.75	-2703.16748
1102.5	29.75	-2460.364258
1122.5	29.75	-2793.071045
1142.5	29.75	-3265.550537
1162.5	29.75	-3089.500732
1182.5	29.75	-2842.363525
1202.5	29.75	-2425.629639
1222.5	29.75	-1741.904541
1242.5	29.75	-1651.713379
1262.5	29.75	-1670.129883
1282.5	29.75	-1677.178223
1302.5	29.75	-1561.976318
1322.5	29.75	-1520.594971
1342.5	29.75	-1311.203003
-37.5	7.75	86.44003296
-17.5	7.75	98.53170776
2.5	7.75	122.2857361
22.5	7.75	135.5200195
42.5	7.75	133.5714417
62.5	7.75	126.9200439
82.5	7.75	127.8060303
102.5	7.75	131.1429138
122.5	7.75	126.9600525
142.5	7.75	119.4857483
162.5	7.75	119.2000427
182.5	7.75	113.0720825
202.5	7.75	101.68573
222.5	7.75	99.16003418
242.5	7.75	101.2571716
262.5	7.75	118.1200256
282.5	7.75	139.2109375
302.5	7.75	163.7714539
322.5	7.75	192.6000366
342.5	7.75	233.9143066
362.5	7.75	296.2800293
382.5	7.75	362.2848511
402.5	7.75	526.5428467
422.5	7.75	769.3599854
442.5	7.75	674.0858154
462.5	7.75	704.3999023
482.5	7.75	1060.677979
502.5	7.75	941.8571777
522.5	7.75	766.9200439
542.5	7.75	719.0285645
562.5	7.75	925.8399658
582.5	7.75	625.8572388
602.5	7.75	828.4001465
622.5	7.75	798.9200439
642.5	7.75	-310.5999756
662.5	7.75	-1527.840088
682.5	7.75	-2361.341309
702.5	7.75	-2775.428467
722.5	7.75	-3038.400146
742.5	7.75	-3191.514404
762.5	7.75	-3245.520264
782.5	7.75	-3317.409912
802.5	7.75	-3335.228271
822.5	7.75	-3327.44043
842.5	7.75	-3333.742676
862.5	7.75	-3387.799805
882.5	7.75	-3331.127441
902.5	7.75	-3304.229004
922.5	7.75	-3155.399902
942.5	7.75	-3020.914795
962.5	7.75	-2852.080078
982.5	7.75	-2864.030762
1002.5	7.75	-2888.155029
1022.5	7.75	-2903.682129
1042.5	7.75	-3122.085449
1062.5	7.75	-3256.120117
1082.5	7.75	-3415.245117
1102.5	7.75	-1718.796143
1122.5	7.75	-1599.085693
1142.5	7.75	-2157.243408
1162.5	7.75	-2190.640137
1182.5	7.75	-1975.224609
1202.5	7.75	-1917.084229
1222.5	7.75	-1840.771484
1242.5	7.75	-1953.987549
1262.5	7.75	-1961.800049
1282.5	7.75	-1920.033691
1302.5	7.75	-1731.505615
1322.5	7.75	-1804.371338
1342.5	7.75	-1696.168213
-37.5	-14.25	91.53213501
-17.5	-14.25	100.627533
2.5	-14.25	117.5174866
22.5	-14.25	126.2758789
42.5	-14.25	122.7315674
62.5	-14.25	126.0749207
82.5	-14.25	131.5791626
102.5	-14.25	124.4399414
122.5	-14.25	126.2333679
142.5	-14.25	121.3578186
162.5	-14.25	110.5866089
182.5	-14.25	103.7542114
202.5	-14.25	96.04147339
222.5	-14.25	98.18460083
242.5	-14.25	101.4186707
262.5	-14.25	109.3978271
282.5	-14.25	124.4711304
302.5	-14.25	143.9037476
322.5	-14.25	169.1073914
342.5	-14.25	200.6452332
362.5	-14.25	277.5081482
382.5	-14.25	319.0473633
402.5	-14.25	500.9241638
422.5	-14.25	679.3804321
442.5	-14.25	487.7882996
462.5	-14.25	478.2143555
482.5	-14.25	458.6812744
502.5	-14.25	475.190094
522.5	-14.25	511.5152893
542.5	-14.25	607.307373
562.5	-14.25	626.2081909
582.5	-14.25	533.1292725
602.5	-14.25	632.9569092
622.5	-14.25	1190.37207
642.5	-14.25	747.6911011
662.5	-14.25	-684.8624268
682.5	-14.25	-1295.536255
702.5	-14.25	-1894.592529
722.5	-14.25	-2252.709717
742.5	-14.25	-2863.617188
762.5	-14.25	-3085.193604
782.5	-14.25	-3203.468262
802.5	-14.25	-3224.697021
822.5	-14.25	-3243.643799
842.5	-14.25	-3255.713867
862.5	-14.25	-3302.526855
882.5	-14.25	-3302.471191
902.5	-14.25	-3259.022217
922.5	-14.25	-3079.880859
942.5	-14.25	-2921.642578
962.5	-14.25	-2755.411377
982.5	-14.25	-2769.493652
1002.5	-14.25	-2867.707031
1022.5	-14.25	-3146.216797
1042.5	-14.25	-3727.782715
1062.5	-14.25	-3481.437256
1082.5	-14.25	-2181.097656
1102.5	-14.25	-1754.491211
1122.5	-14.25	-1534.928223
1142.5	-14.25	-1330.562622
1162.5	-14.25	-1879.960205
1182.5	-14.25	-2090.968506
1202.5	-14.25	-2129.162598
1222.5	-14.25	-2154.118408
1242.5	-14.25	-2202.069092
1262.5	-14.25	-2142.14209
1282.5	-14.25	-1972.400146
1302.5	-14.25	-1949.043945
1322.5	-14.25	-1921.452393
1342.5	-14.25	-1810.922607
-37.5	-36.25	98.80001831
-17.5	-36.25	103.9146118
2.5	-36.25	112.4286194
22.5	-36.25	116.5714722
42.5	-36.25	120.3674011
62.5	-36.25	130.4571533
82.5	-36.25	130.1211548
102.5	-36.25	125.5918579
122.5	-36.25	125.3143005
142.5	-36.25	122.755127
162.5	-36.25	118.4571533
182.5	-36.25	113.4146729
202.5	-36.25	100.2653503
222.5	-36.25	85.68572998
242.5	-36.25	83.44900513
262.5	-36.25	90.42858887
282.5	-36.25	107.1036987
302.5	-36.25	126.4489746
322.5	-36.25	142.8571472
342.5	-36.25	164.4285889
362.5	-36.25	205.2000427
382.5	-36.25	247.2644653
402.5	-36.25	325.2449951
422.5	-36.25	489.5428467
442.5	-36.25	409.163269
462.5	-36.25	360.6286011
482.5	-36.25	346.1720581
502.5	-36.25	385.7142639
522.5	-36.25	391.31427
542.5	-36.25	445.2449036
562.5	-36.25	477.0857544
582.5	-36.25	389.6286621
602.5	-36.25	418.1632385
622.5	-36.25	664.2000732
642.5	-36.25	1255
662.5	-36.25	177.2857666
682.5	-36.25	-159.4432373
702.5	-36.25	-612.755127
722.5	-36.25	-1581.885742
742.5	-36.25	-2652.489746
762.5	-36.25	-2902.085449
782.5	-36.25	-3094.132813
802.5	-36.25	-3154.367188
822.5	-36.25	-3163.028564
842.5	-36.25	-3243.673828
862.5	-36.25	-3219.37085
882.5	-36.25	-3234.387207
902.5	-36.25	-3183
922.5	-36.25	-3087.971191
942.5	-36.25	-2879.979492
962.5	-36.25	-2812.600098
982.5	-36.25	-2981.445313
1002.5	-36.25	-2990.696045
1022.5	-36.25	-3608.517578
1042.5	-36.25	-3255.020508
1062.5	-36.25	-2292.970947
1082.5	-36.25	-2064.54126
1102.5	-36.25	-1535.960938
1122.5	-36.25	-814.6529541
1142.5	-36.25	-1502.550537
1162.5	-36.25	-2292.085449
1182.5	-36.25	-2447.054199
1202.5	-36.25	-2469.116699
1222.5	-36.25	-2389.224609
1242.5	-36.25	-2350.470459
1262.5	-36.25	-2220.542725
1282.5	-36.25	-2157.918213
1302.5	-36.25	-2181.008057
1322.5	-36.25	-2048.469238
1342.5	-36.25	-1770.131348