23	66	0
23.02454818	66.0005559242	0.01
23.0490974262	66.0011079402	0.02
23.0736477312	66.0016560479	0.03
23.0981990875	66.0022002468	0.04
23.1227514877	66.0027405368	0.05
23.1473049243	66.0032769176	0.06
23.1718593899	66.0038093889	0.07
23.196414877	66.0043379504	0.08
23.2209713781	66.004862602	0.09
23.2455288858	66.0053833433	0.1
23.2700873926	66.0059001741	0.11
23.2946468911	66.0064130941	0.12
23.3192073737	66.0069221031	0.13
23.3437688331	66.0074272008	0.14
23.3683312617	66.007928387	0.15
23.392894652	66.0084256615	0.16
23.4174589966	66.008919024	0.17
23.4420242881	66.0094084742	0.18
23.4665905188	66.0098940119	0.19
23.4911576814	66.0103756369	0.2
23.5157257684	66.010853349	0.21
23.5402947722	66.0113271478	0.22
23.5648646855	66.0117970332	0.23
23.5894355006	66.012263005	0.24
23.6140072101	66.0127250628	0.25
23.6385798065	66.0131832066	0.26
23.6631532824	66.013637436	0.27
23.6877276301	66.0140877509	0.28
23.7123028423	66.014534151	0.29
23.7368789114	66.014976636	0.3
23.76145583	66.0154152059	0.31
23.7860335904	66.0158498603	0.32
23.8106121853	66.0162805991	0.33
23.835191607	66.016707422	0.34
23.8597718482	66.0171303288	0.35
23.8843529012	66.0175493193	0.36
23.9089347587	66.0179643934	0.37
23.933517413	66.0183755508	0.38
23.9581008566	66.0187827913	0.39
23.9826850821	66.0191861147	0.4
24.0072700819	66.0195855208	0.41
24.0318558485	66.0199810095	0.42
24.0564423743	66.0203725804	0.43
24.081029652	66.0207602335	0.44
24.1056176738	66.0211439685	0.45
24.1302064324	66.0215237853	0.46
24.1547959201	66.0218996836	0.47
24.1793861295	66.0222716633	0.48
24.203977053	66.0226397242	0.49
24.2285686831	66.0230038661	0.5
24.2531610123	66.0233640889	0.51
24.277754033	66.0237203923	0.52
24.3023477376	66.0240727762	0.53
24.3269421188	66.0244212404	0.54
24.3515371688	66.0247657847	0.55
24.3761328803	66.025106409	0.56
24.4007292455	66.0254431132	0.57
24.4253262571	66.0257758969	0.58
24.4499239074	66.0261047601	0.59
24.474522189	66.0264297026	0.6
24.4991210942	66.0267507243	0.61
24.5237206155	66.027067825	0.62
24.5483207454	66.0273810045	0.63
24.5729214763	66.0276902626	0.64
24.5975228007	66.0279955993	0.65
24.622124711	66.0282970144	0.66
24.6467271997	66.0285945078	0.67
24.6713302592	66.0288880792	0.68
24.695933882	66.0291777285	0.69
24.7205380605	66.0294634556	0.7
24.7451427871	66.0297452604	0.71
24.7697480543	66.0300231427	0.72
24.7943538546	66.0302971024	0.73
24.8189601803	66.0305671394	0.74
24.8435670239	66.0308332534	0.75
24.8681743779	66.0310954444	0.76
24.8927822347	66.0313537123	0.77
24.9173905867	66.0316080569	0.78
24.9419994264	66.0318584781	0.79
24.9666087461	66.0321049758	0.8
24.9912185384	66.0323475499	0.81
25.0158287956	66.0325862001	0.82
25.0404395103	66.0328209265	0.83
25.0650506747	66.0330517289	0.84
25.0896622814	66.0332786072	0.85
25.1142743228	66.0335015613	0.86
25.1388867912	66.033720591	0.87
25.1634996793	66.0339356963	0.88
25.1881129792	66.034146877	0.89
25.2127266836	66.0343541331	0.9
25.2373407847	66.0345574644	0.91
25.2619552751	66.0347568709	0.92
25.2865701472	66.0349523525	0.93
25.3111853933	66.0351439089	0.94
25.335801006	66.0353315403	0.95
25.3604169775	66.0355152464	0.96
25.3850333004	66.0356950272	0.97
25.4096499671	66.0358708825	0.98
25.4342669699	66.0360428124	0.99
25.4588843013	66.0362108167	1
25.4835019538	66.0363748953	1.01
25.5081199196	66.0365350482	1.02
25.5327381913	66.0366912752	1.03
25.5573567613	66.0368435764	1.04
25.581975622	66.0369919515	1.05
25.6065947657	66.0371364006	1.06
25.631214185	66.0372769236	1.07
25.6558338721	66.0374135204	1.08
25.6804538196	66.0375461909	1.09
25.7050740199	66.0376749351	1.1
25.7296944653	66.0377997529	1.11
25.7543151483	66.0379206443	1.12
25.7789360612	66.0380376091	1.13
25.8035571965	66.0381506474	1.14
25.8281785467	66.038259759	1.15
25.852800104	66.038364944	1.16
25.877421861	66.0384662022	1.17
25.9020438099	66.0385635337	1.18
25.9266659433	66.0386569383	1.19
25.9512882536	66.0387464161	1.2
25.9759107331	66.038831967	1.21
26.0005333742	66.0389135908	1.22
26.0251561695	66.0389912877	1.23
26.0497791111	66.0390650576	1.24
26.0744021917	66.0391349003	1.25
26.0990254036	66.039200816	1.26
26.1236487391	66.0392628045	1.27
26.1482721907	66.0393208659	1.28
26.1728957508	66.039375	1.29
26.1975194119	66.0394252069	1.3
26.2221431662	66.0394714866	1.31
26.2467670062	66.039513839	1.32
26.2713909244	66.0395522641	1.33
26.2960149131	66.0395867618	1.34
26.3206389647	66.0396173323	1.35
26.3452630716	66.0396439754	1.36
26.3698872263	66.0396666911	1.37
26.3945114211	66.0396854795	1.38
26.4191356485	66.0397003405	1.39
26.4437599008	66.039711274	1.4
26.4683841704	66.0397182802	1.41
26.4930084498	66.039721359	1.42
26.5176327314	66.0397205104	1.43
26.5422570075	66.0397157345	1.44
26.5668812706	66.0397070311	1.45
26.591505513	66.0396944003	1.46
26.6161297273	66.0396778421	1.47
26.6407539057	66.0396573566	1.48
26.6653780406	66.0396329437	1.49
26.6900021246	66.0396046034	1.5
26.71462615	66.0395723358	1.51
26.7392501091	66.0395361408	1.52
26.7638739944	66.0394960186	1.53
26.7884977984	66.0394519691	1.54
26.8131215133	66.0394039923	1.55
26.8377451317	66.0393520882	1.56
26.8623686458	66.039296257	1.57
26.8869920482	66.0392364985	1.58
26.9116153312	66.0391728129	1.59
26.9362384873	66.0391052002	1.6
26.9608615088	66.0390336604	1.61
26.9854843881	66.0389581935	1.62
27.0101071176	66.0388787996	1.63
27.0347296899	66.0387954787	1.64
27.0593520972	66.0387082308	1.65
27.0839743319	66.0386170561	1.66
27.1085963866	66.0385219545	1.67
27.1332182535	66.0384229261	1.68
27.1578399251	66.038319971	1.69
27.1824613938	66.0382130891	1.7
27.2070826521	66.0381022806	1.71
27.2317036922	66.0379875455	1.72
27.2563245067	66.0378688838	1.73
27.280945088	66.0377462957	1.74
27.3055654284	66.0376197811	1.75
27.3301855203	66.0374893402	1.76
27.3548053563	66.0373549729	1.77
27.3794249286	66.0372166795	1.78
27.4040442297	66.0370744598	1.79
27.428663252	66.0369283141	1.8
27.453281988	66.0367782424	1.81
27.47790043	66.0366242447	1.82
27.5025185705	66.0364663211	1.83
27.5271364019	66.0363044718	1.84
27.5517539165	66.0361386967	1.85
27.5763711069	66.035968996	1.86
27.6009879653	66.0357953697	1.87
27.6256044844	66.035617818	1.88
27.6502206564	66.0354363409	1.89
27.6748364737	66.0352509386	1.9
27.6994519289	66.035061611	1.91
27.7240670143	66.0348683583	1.92
27.7486817224	66.0346711806	1.93
27.7732960455	66.034470078	1.94
27.7979099761	66.0342650506	1.95
27.8225235067	66.0340560985	1.96
27.8471366295	66.0338432218	1.97
27.8717493372	66.0336264206	1.98
27.896361622	66.033405695	1.99
27.9209734765	66.0331810451	2
27.945584893	66.032952471	2.01
27.970195864	66.0327199729	2.02
27.9948063819	66.0324835508	2.03
28.0194164391	66.0322432049	2.04
28.0440260281	66.0319989353	2.05
28.0686351413	66.0317507421	2.06
28.0932437712	66.0314986254	2.07
28.1178519101	66.0312425853	2.08
28.1424595505	66.0309826221	2.09
28.1670666849	66.0307187357	2.1
28.1916733057	66.0304509264	2.11
28.2162794052	66.0301791943	2.12
28.2408849761	66.0299035395	2.13
28.2654900106	66.0296239621	2.14
28.2900945013	66.0293404622	2.15
28.3146984405	66.0290530401	2.16
28.3393018208	66.0287616959	2.17
28.3639046346	66.0284664297	2.18
28.3885068742	66.0281672416	2.19
28.4131085323	66.0278641318	2.2
28.4377096011	66.0275571004	2.21
28.4623100733	66.0272461476	2.22
28.4869099411	66.0269312736	2.23
28.5115091971	66.0266124785	2.24
28.5361078337	66.0262897625	2.25
28.5607058434	66.0259631256	2.26
28.5853032186	66.0256325682	2.27
28.6098999518	66.0252980902	2.28
28.6344960355	66.024959692	2.29
28.659091462	66.0246173737	2.3
28.6836862239	66.0242711354	2.31
28.7082803137	66.0239209773	2.32
28.7328737237	66.0235668996	2.33
28.7574664465	66.0232089025	2.34
28.7820584745	66.0228469861	2.35
28.8066498002	66.0224811506	2.36
28.831240416	66.0221113962	2.37
28.8558303145	66.021737723	2.38
28.880419488	66.0213601313	2.39
28.9050079291	66.0209786213	2.4
28.9295956303	66.0205931931	2.41
28.954182584	66.0202038469	2.42
28.9787687826	66.019810583	2.43
29.0033542188	66.0194134014	2.44
29.0279388849	66.0190123024	2.45
29.0525227734	66.0186072863	2.46
29.0771058769	66.0181983531	2.47
29.1016881877	66.0177855031	2.48
29.1262696985	66.0173687365	2.49
29.1508504016	66.0169480536	2.5
29.1754302896	66.0165234544	2.51
29.2000093549	66.0160949393	2.52
29.2245875901	66.0156625084	2.53
29.2491649877	66.0152261619	2.54
29.2737415401	66.0147859001	2.55
29.2983172398	66.0143417232	2.56
29.3228920793	66.0138936313	2.57
29.3474660512	66.0134416248	2.58
29.3720391479	66.0129857038	2.59
29.396611362	66.0125258686	2.6
29.421182686	66.0120621193	2.61
29.4457531122	66.0115944563	2.62
29.4703226334	66.0111228797	2.63
29.4948912419	66.0106473897	2.64
29.5194589304	66.0101679867	2.65
29.5440256912	66.0096846708	2.66
29.568591517	66.0091974423	2.67
29.5931564002	66.0087063014	2.68
29.6177203333	66.0082112484	2.69
29.642283309	66.0077122835	2.7
29.6668453196	66.0072094069	2.71
29.6914063578	66.0067026189	2.72
29.7159664161	66.0061919197	2.73
29.7405254869	66.0056773097	2.74
29.7650835629	66.005158789	2.75
29.7896406365	66.0046363579	2.76
29.8141967004	66.0041100166	2.77
29.8387517469	66.0035797655	2.78
29.8633057688	66.0030456047	2.79
29.8878587584	66.0025075345	2.8
29.9124107084	66.0019655553	2.81
29.9369616113	66.0014196672	2.82
29.9615114597	66.0008698706	2.83
29.986060246	66.0003161656	2.84
30	66	2.84567858197
