53	23	0
53.0108528904	23.0004443717	0.01
53.0217058521	23.000888004	0.02
53.0325588852	23.0013308969	0.03
53.0434119894	23.0017730503	0.04
53.0542651647	23.0022144643	0.05
53.0651184109	23.0026551387	0.06
53.0759717279	23.0030950737	0.07
53.0868251156	23.0035342691	0.08
53.0976785739	23.003972725	0.09
53.1085321027	23.0044104414	0.1
53.1193857018	23.0048474181	0.11
53.1302393711	23.0052836552	0.12
53.1410931106	23.0057191527	0.13
53.15194692	23.0061539106	0.14
53.1628007993	23.0065879287	0.15
53.1736547484	23.0070212072	0.16
53.1845087672	23.007453746	0.17
53.1953628554	23.007885545	0.18
53.2062170131	23.0083166043	0.19
53.2170712401	23.0087469238	0.2
53.2279255362	23.0091765035	0.21
53.2387799014	23.0096053434	0.22
53.2496343356	23.0100334435	0.23
53.2604888386	23.0104608037	0.24
53.2713434103	23.0108874241	0.25
53.2821980505	23.0113133045	0.26
53.2930527593	23.011738445	0.27
53.3039075364	23.0121628457	0.28
53.3147623817	23.0125865063	0.29
53.3256172952	23.013009427	0.3
53.3364722767	23.0134316077	0.31
53.347327326	23.0138530484	0.32
53.3581824432	23.014273749	0.33
53.3690376279	23.0146937096	0.34
53.3798928803	23.0151129301	0.35
53.3907482	23.0155314105	0.36
53.401603587	23.0159491509	0.37
53.4124590413	23.0163661511	0.38
53.4233145625	23.0167824111	0.39
53.4341701508	23.017197931	0.4
53.4450258059	23.0176127107	0.41
53.4558815276	23.0180267501	0.42
53.466737316	23.0184400494	0.43
53.4775931709	23.0188526084	0.44
53.4884490921	23.0192644271	0.45
53.4993050796	23.0196755056	0.46
53.5101611332	23.0200858437	0.47
53.5210172528	23.0204954415	0.48
53.5318734382	23.020904299	0.49
53.5427296895	23.0213124161	0.5
53.5535860064	23.0217197928	0.51
53.5644423889	23.0221264292	0.52
53.5752988368	23.0225323251	0.53
53.58615535	23.0229374805	0.54
53.5970119283	23.0233418956	0.55
53.6078685718	23.0237455701	0.56
53.6187252802	23.0241485041	0.57
53.6295820534	23.0245506977	0.58
53.6404388914	23.0249521507	0.59
53.6512957939	23.0253528631	0.6
53.6621527609	23.025752835	0.61
53.6730097923	23.0261520663	0.62
53.683866888	23.0265505569	0.63
53.6947240477	23.026948307	0.64
53.7055812715	23.0273453164	0.65
53.7164385592	23.0277415851	0.66
53.7272959106	23.0281371132	0.67
53.7381533257	23.0285319005	0.68
53.7490108043	23.0289259471	0.69
53.7598683464	23.029319253	0.7
53.7707259518	23.0297118182	0.71
53.7815836203	23.0301036425	0.72
53.7924413519	23.0304947261	0.73
53.8032991465	23.0308850688	0.74
53.8141570039	23.0312746707	0.75
53.825014924	23.0316635318	0.76
53.8358729067	23.032051652	0.77
53.8467309519	23.0324390313	0.78
53.8575890595	23.0328256698	0.79
53.8684472293	23.0332115673	0.8
53.8793054612	23.0335967238	0.81
53.8901637551	23.0339811394	0.82
53.901022111	23.034364814	0.83
53.9118805286	23.0347477477	0.84
53.9227390078	23.0351299403	0.85
53.9335975486	23.0355113919	0.86
53.9444561508	23.0358921024	0.87
53.9553148143	23.0362720719	0.88
53.966173539	23.0366513003	0.89
53.9770323247	23.0370297876	0.9
53.9878911714	23.0374075337	0.91
53.998750079	23.0377845388	0.92
54.0096090472	23.0381608026	0.93
54.020468076	23.0385363253	0.94
54.0313271653	23.0389111069	0.95
54.042186315	23.0392851472	0.96
54.0530455249	23.0396584463	0.97
54.0639047949	23.0400310041	0.98
54.0747641249	23.0404028207	0.99
54.0856235148	23.040773896	1
54.0964829645	23.04114423	1.01
54.1073424738	23.0415138227	1.02
54.1182020426	23.0418826741	1.03
54.1290616709	23.0422507841	1.04
54.1399213584	23.0426181528	1.05
54.1507811052	23.0429847801	1.06
54.1616409109	23.0433506659	1.07
54.1725007757	23.0437158104	1.08
54.1833606992	23.0440802134	1.09
54.1942206814	23.044443875	1.1
54.2050807223	23.0448067952	1.11
54.2159408216	23.0451689738	1.12
54.2268009792	23.0455304109	1.13
54.2376611951	23.0458911065	1.14
54.2485214691	23.0462510606	1.15
54.259381801	23.0466102731	1.16
54.2702421909	23.0469687441	1.17
54.2811026385	23.0473264735	1.18
54.2919631437	23.0476834613	1.19
54.3028237065	23.0480397074	1.2
54.3136843266	23.0483952119	1.21
54.3245450041	23.0487499748	1.22
54.3354057387	23.049103996	1.23
54.3462665304	23.0494572755	1.24
54.3571273789	23.0498098133	1.25
54.3679882843	23.0501616094	1.26
54.3788492464	23.0505126638	1.27
54.3897102651	23.0508629764	1.28
54.4005713402	23.0512125472	1.29
54.4114324717	23.0515613763	1.3
54.4222936593	23.0519094635	1.31
54.4331549031	23.052256809	1.32
54.4440162028	23.0526034126	1.33
54.4548775584	23.0529492743	1.34
54.4657389698	23.0532943942	1.35
54.4766004368	23.0536387722	1.36
54.4874619593	23.0539824083	1.37
54.4983235371	23.0543253025	1.38
54.5091851703	23.0546674548	1.39
54.5200468586	23.0550088651	1.4
54.5309086019	23.0553495334	1.41
54.5417704001	23.0556894598	1.42
54.5526322532	23.0560286442	1.43
54.5634941609	23.0563670866	1.44
54.5743561232	23.0567047869	1.45
54.5852181399	23.0570417452	1.46
54.5960802109	23.0573779614	1.47
54.6069423361	23.0577134356	1.48
54.6178045155	23.0580481677	1.49
54.6286667487	23.0583821576	1.5
54.6395290359	23.0587154055	1.51
54.6503913767	23.0590479112	1.52
54.6612537712	23.0593796748	1.53
54.6721162192	23.0597106962	1.54
54.6829787205	23.0600409754	1.55
54.6938412751	23.0603705124	1.56
54.7047038828	23.0606993072	1.57
54.7155665435	23.0610273597	1.58
54.7264292572	23.0613546701	1.59
54.7372920236	23.0616812381	1.6
54.7481548426	23.0620070639	1.61
54.7590177143	23.0623321474	1.62
54.7698806383	23.0626564886	1.63
54.7807436146	23.0629800874	1.64
54.7916066432	23.063302944	1.65
54.8024697237	23.0636250581	1.66
54.8133328563	23.0639464299	1.67
54.8241960406	23.0642670594	1.68
54.8350592767	23.0645869464	1.69
54.8459225644	23.064906091	1.7
54.8567859035	23.0652244932	1.71
54.867649294	23.0655421529	1.72
54.8785127357	23.0658590702	1.73
54.8893762286	23.066175245	1.74
54.9002397724	23.0664906774	1.75
54.9111033671	23.0668053672	1.76
54.9219670126	23.0671193145	1.77
54.9328307087	23.0674325193	1.78
54.9436944553	23.0677449815	1.79
54.9545582524	23.0680567012	1.8
54.9654220997	23.0683676782	1.81
54.9762859972	23.0686779127	1.82
54.9871499447	23.0689874046	1.83
54.9980139421	23.0692961539	1.84
55.0088779894	23.0696041606	1.85
55.0197420864	23.0699114246	1.86
55.0306062329	23.0702179459	1.87
55.0414704288	23.0705237245	1.88
55.0523346741	23.0708287605	1.89
55.0631989687	23.0711330538	1.9
55.0740633123	23.0714366043	1.91
55.0849277048	23.0717394121	1.92
55.0957921463	23.0720414772	1.93
55.1066566364	23.0723427995	1.94
55.1175211752	23.072643379	1.95
55.1283857625	23.0729432157	1.96
55.1392503982	23.0732423096	1.97
55.1501150821	23.0735406607	1.98
55.1609798142	23.073838269	1.99
55.1718445942	23.0741351344	2
55.1827094222	23.0744312569	2.01
55.193574298	23.0747266366	2.02
55.2044392214	23.0750212734	2.03
55.2153041924	23.0753151673	2.04
55.2261692108	23.0756083183	2.05
55.2370342765	23.0759007263	2.06
55.2478993894	23.0761923914	2.07
55.2587645494	23.0764833136	2.08
55.2696297563	23.0767734927	2.09
55.2804950101	23.0770629289	2.1
55.2913603105	23.0773516221	2.11
55.3022256576	23.0776395723	2.12
55.3130910511	23.0779267794	2.13
55.323956491	23.0782132435	2.14
55.3348219771	23.0784989646	2.15
55.3456875093	23.0787839425	2.16
55.3565530875	23.0790681774	2.17
55.3674187116	23.0793516693	2.18
55.3782843815	23.079634418	2.19
55.389150097	23.0799164235	2.2
55.400015858	23.080197686	2.21
55.4108816644	23.0804782053	2.22
55.4217475161	23.0807579814	2.23
55.4326134129	23.0810370144	2.24
55.4434793548	23.0813153042	2.25
55.4543453416	23.0815928508	2.26
55.4652113732	23.0818696542	2.27
55.4760774495	23.0821457143	2.28
55.4869435704	23.0824210312	2.29
55.4978097357	23.0826956049	2.3
55.5086759453	23.0829694353	2.31
55.5195421991	23.0832425224	2.32
55.5304084971	23.0835148663	2.33
55.5412748389	23.0837864668	2.34
55.5521412247	23.084057324	2.35
55.5630076541	23.0843274379	2.36
55.5738741272	23.0845968084	2.37
55.5847406438	23.0848654356	2.38
55.5956072037	23.0851333195	2.39
55.6064738069	23.0854004599	2.4
55.6173404532	23.085666857	2.41
55.6282071425	23.0859325106	2.42
55.6390738747	23.0861974209	2.43
55.6499406497	23.0864615877	2.44
55.6608074673	23.086725011	2.45
55.6716743275	23.086987691	2.46
55.6825412301	23.0872496274	2.47
55.693408175	23.0875108204	2.48
55.704275162	23.0877712699	2.49
55.7151421911	23.0880309758	2.5
55.7260092622	23.0882899383	2.51
55.736876375	23.0885481573	2.52
55.7477435296	23.0888056327	2.53
55.7586107257	23.0890623645	2.54
55.7694779633	23.0893183528	2.55
55.7803452422	23.0895735975	2.56
55.7912125624	23.0898280986	2.57
55.8020799236	23.0900818561	2.58
55.8129473258	23.09033487	2.59
55.8238147689	23.0905871403	2.6
55.8346822528	23.090838667	2.61
55.8455497772	23.09108945	2.62
55.8564173421	23.0913394893	2.63
55.8672849475	23.091588785	2.64
55.8781525931	23.091837337	2.65
55.8890202788	23.0920851453	2.66
55.8998880045	23.0923322099	2.67
55.9107557702	23.0925785308	2.68
55.9216235756	23.0928241079	2.69
55.9324914207	23.0930689414	2.7
55.9433593054	23.093313031	2.71
55.9542272294	23.0935563769	2.72
55.9650951928	23.093798979	2.73
55.9759631953	23.0940408374	2.74
55.986831237	23.0942819519	2.75
55.9976993175	23.0945223226	2.76
56.0085674369	23.0947619495	2.77
56.019435595	23.0950008326	2.78
56.0303037917	23.0952389719	2.79
56.0411720268	23.0954763672	2.8
56.0520403003	23.0957130188	2.81
56.062908612	23.0959489264	2.82
56.0737769618	23.0961840901	2.83
56.0846453497	23.09641851	2.84
56.0955137753	23.0966521859	2.85
56.1063822387	23.096885118	2.86
56.1172507398	23.0971173061	2.87
56.1281192784	23.0973487502	2.88
56.1389878543	23.0975794504	2.89
56.1498564675	23.0978094066	2.9
56.1607251179	23.0980386189	2.91
56.1715938053	23.0982670872	2.92
56.1824625296	23.0984948114	2.93
56.1933312906	23.0987217917	2.94
56.2042000884	23.098948028	2.95
56.2150689227	23.0991735202	2.96
56.2259377934	23.0993982684	2.97
56.2368067005	23.0996222725	2.98
56.2476756437	23.0998455326	2.99
56.258544623	23.1000680486	3
56.2694136382	23.1002898205	3.01
56.2802826893	23.1005108483	3.02
56.2911517761	23.1007311321	3.03
56.3020208985	23.1009506717	3.04
56.3128900563	23.1011694672	3.05
56.3237592495	23.1013875186	3.06
56.3346284779	23.1016048258	3.07
56.3454977415	23.1018213888	3.08
56.35636704	23.1020372077	3.09
56.3672363734	23.1022522825	3.1
56.3781057415	23.102466613	3.11
56.3889751443	23.1026801994	3.12
56.3998445816	23.1028930415	3.13
56.4107140532	23.1031051394	3.14
56.4215835592	23.1033164931	3.15
56.4324530993	23.1035271026	3.16
56.4433226734	23.1037369678	3.17
56.4541922814	23.1039460888	3.18
56.4650619232	23.1041544655	3.19
56.4759315987	23.104362098	3.2
56.4868013078	23.1045689861	3.21
56.4976710502	23.10477513	3.22
56.508540826	23.1049805296	3.23
56.519410635	23.1051851848	3.24
56.530280477	23.1053890957	3.25
56.541150352	23.1055922623	3.26
56.5520202598	23.1057946846	3.27
56.5628902003	23.1059963625	3.28
56.5737601735	23.106197296	3.29
56.584630179	23.1063974852	3.3
56.595500217	23.10659693	3.31
56.6063702871	23.1067956304	3.32
56.6172403894	23.1069935864	3.33
56.6281105237	23.107190798	3.34
56.6389806898	23.1073872652	3.35
56.6498508877	23.1075829879	3.36
56.6607211172	23.1077779663	3.37
56.6715913782	23.1079722002	3.38
56.6824616706	23.1081656896	3.39
56.6933319942	23.1083584345	3.4
56.7042023491	23.108550435	3.41
56.7150727349	23.1087416911	3.42
56.7259431517	23.1089322026	3.43
56.7368135992	23.1091219696	3.44
56.7476840774	23.1093109921	3.45
56.7585545861	23.1094992701	3.46
56.7694251253	23.1096868036	3.47
56.7802956948	23.1098735925	3.48
56.7911662945	23.1100596369	3.49
56.8020369242	23.1102449368	3.5
56.8129075839	23.1104294921	3.51
56.8237782734	23.1106133028	3.52
56.8346489926	23.1107963689	3.53
56.8455197414	23.1109786905	3.54
56.8563905197	23.1111602674	3.55
56.8672613273	23.1113410998	3.56
56.8781321641	23.1115211876	3.57
56.88900303	23.1117005307	3.58
56.899873925	23.1118791292	3.59
56.9107448487	23.112056983	3.6
56.9216158013	23.1122340922	3.61
56.9324867824	23.1124104568	3.62
56.9433577921	23.1125860767	3.63
56.9542288301	23.1127609519	3.64
56.9650998964	23.1129350825	3.65
56.9759709908	23.1131084683	3.66
56.9868421133	23.1132811095	3.67
56.9977132637	23.113453006	3.68
57.0085844418	23.1136241577	3.69
57.0194556476	23.1137945648	3.7
57.030326881	23.1139642271	3.71
57.0411981417	23.1141331446	3.72
57.0520694298	23.1143013175	3.73
57.062940745	23.1144687455	3.74
57.0738120873	23.1146354289	3.75
57.0846834566	23.1148013674	3.76
57.0955548526	23.1149665612	3.77
57.1064262754	23.1151310102	3.78
57.1172977247	23.1152947144	3.79
57.1281692005	23.1154576738	3.8
57.1390407026	23.1156198884	3.81
57.149912231	23.1157813582	3.82
57.1607837854	23.1159420831	3.83
57.1716553658	23.1161020633	3.84
57.1825269721	23.1162612986	3.85
57.1933986041	23.116419789	3.86
57.2042702617	23.1165775346	3.87
57.2151419448	23.1167345354	3.88
57.2260136533	23.1168907913	3.89
57.2368853871	23.1170463023	3.9
57.2477571459	23.1172010684	3.91
57.2586289298	23.1173550896	3.92
57.2695007386	23.117508366	3.93
57.2803725721	23.1176608974	3.94
57.2912444303	23.117812684	3.95
57.3021163131	23.1179637256	3.96
57.3129882202	23.1181140223	3.97
57.3238601516	23.118263574	3.98
57.3347321072	23.1184123809	3.99
57.3456040869	23.1185604427	4
57.3564760905	23.1187077597	4.01
57.3673481179	23.1188543316	4.02
57.3782201689	23.1190001586	4.03
57.3890922436	23.1191452407	4.04
57.3999643417	23.1192895777	4.05
57.4108364631	23.1194331698	4.06
57.4217086077	23.1195760169	4.07
57.4325807754	23.1197181189	4.08
57.443452966	23.119859476	4.09
57.4543251796	23.120000088	4.1
57.4651974158	23.1201399551	4.11
57.4760696746	23.1202790771	4.12
57.4869419559	23.1204174541	4.13
57.4978142596	23.120555086	4.14
57.5086865855	23.1206919729	4.15
57.5195589336	23.1208281147	4.16
57.5304313036	23.1209635115	4.17
57.5413036955	23.1210981632	4.18
57.5521761092	23.1212320699	4.19
57.5630485445	23.1213652314	4.2
57.5739210014	23.1214976479	4.21
57.5847934796	23.1216293193	4.22
57.5956659791	23.1217602456	4.23
57.6065384998	23.1218904268	4.24
57.6174110415	23.1220198629	4.25
57.6282836041	23.1221485538	4.26
57.6391561875	23.1222764997	4.27
57.6500287916	23.1224037004	4.28
57.6609014162	23.122530156	4.29
57.6717740613	23.1226558664	4.3
57.6826467267	23.1227808317	4.31
57.6935194123	23.1229050519	4.32
57.7043921179	23.1230285269	4.33
57.7152648435	23.1231512567	4.34
57.726137589	23.1232732414	4.35
57.7370103541	23.1233944809	4.36
57.7478831388	23.1235149752	4.37
57.758755943	23.1236347243	4.38
57.7696287666	23.1237537283	4.39
57.7805016093	23.123871987	4.4
57.7913744712	23.1239895005	4.41
57.8022473521	23.1241062689	4.42
57.8131202518	23.124222292	4.43
57.8239931702	23.1243375699	4.44
57.8348661073	23.1244521026	4.45
57.8457390629	23.12456589	4.46
57.8566120369	23.1246789322	4.47
57.8674850291	23.1247912292	4.48
57.8783580395	23.1249027809	4.49
57.8892310679	23.1250135874	4.5
57.9001041142	23.1251236486	4.51
57.9109771783	23.1252329646	4.52
57.92185026	23.1253415352	4.53
57.9327233593	23.1254493607	4.54
57.943596476	23.1255564408	4.55
57.95446961	23.1256627757	4.56
57.9653427611	23.1257683652	4.57
57.9762159294	23.1258732095	4.58
57.9870891145	23.1259773085	4.59
57.9979623165	23.1260806622	4.6
58.0088355351	23.1261832706	4.61
58.0197087703	23.1262851337	4.62
58.030582022	23.1263862514	4.63
58.04145529	23.1264866238	4.64
58.0523285743	23.1265862509	4.65
58.0632018746	23.1266851327	4.66
58.0740751908	23.1267832692	4.67
58.084948523	23.1268806603	4.68
58.0958218708	23.126977306	4.69
58.1066952343	23.1270732064	4.7
58.1175686132	23.1271683615	4.71
58.1284420075	23.1272627712	4.72
58.1393154171	23.1273564355	4.73
58.1501888418	23.1274493545	4.74
58.1610622814	23.1275415281	4.75
58.171935736	23.1276329563	4.76
58.1828092053	23.1277236392	4.77
58.1936826893	23.1278135767	4.78
58.2045561878	23.1279027687	4.79
58.2154297006	23.1279912154	4.8
58.2263032278	23.1280789167	4.81
58.2371767691	23.1281658726	4.82
58.2480503245	23.1282520831	4.83
58.2589238937	23.1283375482	4.84
58.2697974768	23.1284222678	4.85
58.2806710735	23.1285062421	4.86
58.2915446838	23.1285894709	4.87
58.3024183075	23.1286719543	4.88
58.3132919446	23.1287536923	4.89
58.3241655948	23.1288346848	4.9
58.3350392581	23.1289149319	4.91
58.3459129343	23.1289944336	4.92
58.3567866234	23.1290731898	4.93
58.3676603252	23.1291512006	4.94
58.3785340396	23.1292284659	4.95
58.3894077664	23.1293049858	4.96
58.4002815056	23.1293807602	4.97
58.411155257	23.1294557891	4.98
58.4220290205	23.1295300726	4.99
58.432902796	23.1296036106	5
58.4437765833	23.1296764032	5.01
58.4546503824	23.1297484502	5.02
58.4655241932	23.1298197518	5.03
58.4763980154	23.1298903079	5.04
58.487271849	23.1299601186	5.05
58.4981456938	23.1300291837	5.06
58.5090195498	23.1300975033	5.07
58.5198934168	23.1301650775	5.08
58.5307672947	23.1302319061	5.09
58.5416411834	23.1302979893	5.1
58.5525150827	23.1303633269	5.11
58.5633889926	23.130427919	5.12
58.5742629129	23.1304917657	5.13
58.5851368435	23.1305548668	5.14
58.5960107842	23.1306172224	5.15
58.606884735	23.1306788324	5.16
58.6177586957	23.130739697	5.17
58.6286326662	23.130799816	5.18
58.6395066465	23.1308591895	5.19
58.6503806362	23.1309178174	5.2
58.6612546355	23.1309756999	5.21
58.672128644	23.1310328368	5.22
58.6830026618	23.1310892281	5.23
58.6938766886	23.1311448739	5.24
58.7047507244	23.1311997742	5.25
58.7156247691	23.1312539289	5.26
58.7264988224	23.1313073381	5.27
58.7373728844	23.1313600017	5.28
58.7482469549	23.1314119197	5.29
58.7591210337	23.1314630922	5.3
58.7699951207	23.1315135192	5.31
58.7808692159	23.1315632006	5.32
58.791743319	23.1316121364	5.33
58.80261743	23.1316603266	5.34
58.8134915488	23.1317077713	5.35
58.8243656752	23.1317544704	5.36
58.8352398091	23.1318004239	5.37
58.8461139505	23.1318456319	5.38
58.856988099	23.1318900943	5.39
58.8678622548	23.1319338111	5.4
58.8787364175	23.1319767823	5.41
58.8896105872	23.1320190079	5.42
58.9004847637	23.132060488	5.43
58.9113589468	23.1321012224	5.44
58.9222331365	23.1321412113	5.45
58.9331073326	23.1321804546	5.46
58.9439815349	23.1322189523	5.47
58.9548557435	23.1322567043	5.48
58.9657299582	23.1322937108	5.49
58.9766041787	23.1323299717	5.5
58.9874784051	23.132365487	5.51
58.9983526372	23.1324002567	5.52
59.0092268749	23.1324342808	5.53
59.020101118	23.1324675593	5.54
59.0309753665	23.1325000922	5.55
59.0418496202	23.1325318794	5.56
59.052723879	23.1325629211	5.57
59.0635981427	23.1325932171	5.58
59.0744724113	23.1326227675	5.59
59.0853466847	23.1326515724	5.6
59.0962209626	23.1326796316	5.61
59.107095245	23.1327069451	5.62
59.1179695318	23.1327335131	5.63
59.1288438229	23.1327593354	5.64
59.1397181181	23.1327844122	5.65
59.1505924173	23.1328087433	5.66
59.1614667203	23.1328323287	5.67
59.1723410272	23.1328551686	5.68
59.1832153376	23.1328772628	5.69
59.1940896516	23.1328986114	5.7
59.204963969	23.1329192144	5.71
59.2158382897	23.1329390717	5.72
59.2267126136	23.1329581835	5.73
59.2375869404	23.1329765495	5.74
59.2484612702	23.13299417	5.75
59.2593356028	23.1330110448	5.76
59.2702099381	23.133027174	5.77
59.2810842759	23.1330425576	5.78
59.2919586162	23.1330571955	5.79
59.3028329588	23.1330710878	5.8
59.3137073035	23.1330842344	5.81
59.3245816504	23.1330966354	5.82
59.3354559992	23.1331082908	5.83
59.3463303498	23.1331192006	5.84
59.3572047021	23.1331293647	5.85
59.368079056	23.1331387831	5.86
59.3789534114	23.133147456	5.87
59.3898277681	23.1331553831	5.88
59.4007021261	23.1331625647	5.89
59.4115764851	23.1331690006	5.9
59.4224508452	23.1331746909	5.91
59.4333252061	23.1331796355	5.92
59.4441995677	23.1331838345	5.93
59.45507393	23.1331872878	5.94
59.4659482928	23.1331899955	5.95
59.4768226559	23.1331919576	5.96
59.4876970193	23.133193174	5.97
59.4985713828	23.1331936448	5.98
59.5094457464	23.1331933699	5.99
59.5203201098	23.1331923494	6
59.5311944731	23.1331905833	6.01
59.5420688359	23.1331880715	6.02
59.5529431983	23.1331848141	6.03
59.5638175602	23.133180811	6.04
59.5746919213	23.1331760623	6.05
59.5855662815	23.1331705679	6.06
59.5964406409	23.1331643279	6.07
59.6073149991	23.1331573423	6.08
59.6181893562	23.133149611	6.09
59.6290637119	23.1331411341	6.1
59.6399380662	23.1331319116	6.11
59.650812419	23.1331219434	6.12
59.6616867701	23.1331112296	6.13
59.6725611194	23.1330997701	6.14
59.6834354667	23.133087565	6.15
59.694309812	23.1330746143	6.16
59.7051841552	23.1330609179	6.17
59.7160584961	23.1330464759	6.18
59.7269328346	23.1330312883	6.19
59.7378071705	23.133015355	6.2
59.7486815038	23.1329986761	6.21
59.7595558344	23.1329812515	6.22
59.770430162	23.1329630814	6.23
59.7813044867	23.1329441656	6.24
59.7921788082	23.1329245041	6.25
59.8030531265	23.1329040971	6.26
59.8139274414	23.1328829444	6.27
59.8248017528	23.1328610461	6.28
59.8356760606	23.1328384021	6.29
59.8465503647	23.1328150126	6.3
59.8574246649	23.1327908774	6.31
59.8682989611	23.1327659966	6.32
59.8791732533	23.1327403701	6.33
59.8900475412	23.1327139981	6.34
59.9009218248	23.1326868804	6.35
59.911796104	23.1326590171	6.36
59.9226703785	23.1326304082	6.37
59.9335446484	23.1326010537	6.38
59.9444189134	23.1325709536	6.39
59.9552931735	23.1325401078	6.4
59.9661674285	23.1325085165	6.41
59.9770416784	23.1324761795	6.42
59.9879159229	23.1324430969	6.43
59.998790162	23.1324092687	6.44
60.0096643956	23.132374695	6.45
60.0205386235	23.1323393756	6.46
60.0314128457	23.1323033106	6.47
60.0422870619	23.1322665	6.48
60.053161272	23.1322289438	6.49
60.0640354761	23.132190642	6.5
60.0749096738	23.1321515947	6.51
60.0857838652	23.1321118017	6.52
60.0966580501	23.1320712631	6.53
60.1075322283	23.132029979	6.54
60.1184063997	23.1319879493	6.55
60.1292805643	23.131945174	6.56
60.1401547219	23.1319016531	6.57
60.1510288724	23.1318573866	6.58
60.1619030156	23.1318123745	6.59
60.1727771515	23.1317666169	6.6
60.1836512799	23.1317201137	6.61
60.1945254007	23.1316728649	6.62
60.2053995138	23.1316248705	6.63
60.216273619	23.1315761306	6.64
60.2271477163	23.1315266451	6.65
60.2380218055	23.1314764141	6.66
60.2488958864	23.1314254375	6.67
60.2597699591	23.1313737153	6.68
60.2706440233	23.1313212476	6.69
60.2815180789	23.1312680343	6.7
60.2923921259	23.1312140755	6.71
60.303266164	23.1311593711	6.72
60.3141401932	23.1311039212	6.73
60.3250142134	23.1310477258	6.74
60.3358882244	23.1309907848	6.75
60.3467622261	23.1309330982	6.76
60.3576362183	23.1308746662	6.77
60.3685102011	23.1308154886	6.78
60.3793841742	23.1307555654	6.79
60.3902581375	23.1306948968	6.8
60.4011320909	23.1306334826	6.81
60.4120060343	23.1305713229	6.82
60.4228799675	23.1305084177	6.83
60.4337538905	23.1304447669	6.84
60.4446278032	23.1303803707	6.85
60.4555017053	23.1303152289	6.86
60.4663755968	23.1302493416	6.87
60.4772494775	23.1301827089	6.88
60.4881233474	23.1301153306	6.89
60.4989972063	23.1300472069	6.9
60.5098710541	23.1299783376	6.91
60.5207448906	23.1299087229	6.92
60.5316187159	23.1298383626	6.93
60.5424925296	23.1297672569	6.94
60.5533663318	23.1296954057	6.95
60.5642401222	23.129622809	6.96
60.5751139009	23.1295494669	6.97
60.5859876675	23.1294753793	6.98
60.5968614221	23.1294005462	6.99
60.6077351645	23.1293249677	7
60.6186088946	23.1292486437	7.01
60.6294826123	23.1291715742	7.02
60.6403563174	23.1290937593	7.03
60.6512300098	23.1290151989	7.04
60.6621036894	23.1289358931	7.05
60.6729773561	23.1288558419	7.06
60.6838510098	23.1287750452	7.07
60.6947246503	23.1286935031	7.08
60.7055982775	23.1286112156	7.09
60.7164718914	23.1285281826	7.1
60.7273454917	23.1284444042	7.11
60.7382190784	23.1283598804	7.12
60.7490926513	23.1282746112	7.13
60.7599662103	23.1281885966	7.14
60.7708397553	23.1281018365	7.15
60.7817132862	23.1280143311	7.16
60.7925868028	23.1279260803	7.17
60.8034603051	23.127837084	7.18
60.8143337929	23.1277473424	7.19
60.8252072661	23.1276568554	7.2
60.8360807245	23.127565623	7.21
60.8469541681	23.1274736453	7.22
60.8578275967	23.1273809222	7.23
60.8687010103	23.1272874537	7.24
60.8795744086	23.1271932398	7.25
60.8904477916	23.1270982806	7.26
60.9013211591	23.127002576	7.27
60.9121945111	23.1269061261	7.28
60.9230678474	23.1268089308	7.29
60.9339411678	23.1267109902	7.3
60.9448144723	23.1266123043	7.31
60.9556877608	23.126512873	7.32
60.9665610331	23.1264126964	7.33
60.9774342891	23.1263117745	7.34
60.9883075286	23.1262101072	7.35
60.9991807516	23.1261076947	7.36
61.010053958	23.1260045368	7.37
61.0209271476	23.1259006337	7.38
61.0318003203	23.1257959852	7.39
61.0426734759	23.1256905915	7.4
61.0535466144	23.1255844524	7.41
61.0644197357	23.1254775681	7.42
61.0752928395	23.1253699385	7.43
61.0861659259	23.1252615636	7.44
61.0970389946	23.1251524435	7.45
61.1079120456	23.1250425781	7.46
61.1187850787	23.1249319674	7.47
61.1296580938	23.1248206115	7.48
61.1405310909	23.1247085104	7.49
61.1514040696	23.124595664	7.5
61.1622770301	23.1244820723	7.51
61.173149972	23.1243677355	7.52
61.1840228954	23.1242526534	7.53
61.1948958001	23.1241368261	7.54
61.2057686859	23.1240202535	7.55
61.2166415528	23.1239029358	7.56
61.2275144006	23.1237848729	7.57
61.2383872292	23.1236660647	7.58
61.2492600385	23.1235465114	7.59
61.2601328283	23.1234262129	7.6
61.2710055986	23.1233051692	7.61
61.2818783492	23.1231833803	7.62
61.29275108	23.1230608463	7.63
61.3036237909	23.1229375671	7.64
61.3144964818	23.1228135427	7.65
61.3253691525	23.1226887732	7.66
61.3362418029	23.1225632585	7.67
61.347114433	23.1224369987	7.68
61.3579870425	23.1223099938	7.69
61.3688596313	23.1221822437	7.7
61.3797321994	23.1220537485	7.71
61.3906047466	23.1219245082	7.72
61.4014772728	23.1217945228	7.73
61.4123497779	23.1216637923	7.74
61.4232222617	23.1215323167	7.75
61.4340947242	23.121400096	7.76
61.4449671652	23.1212671302	7.77
61.4558395846	23.1211334193	7.78
61.4667119822	23.1209989633	7.79
61.477584358	23.1208637623	7.8
61.4884567119	23.1207278163	7.81
61.4993290436	23.1205911251	7.82
61.5102013531	23.120453689	7.83
61.5210736403	23.1203155077	7.84
61.5319459051	23.1201765815	7.85
61.5428181473	23.1200369102	7.86
61.5536903668	23.1198964939	7.87
61.5645625634	23.1197553326	7.88
61.5754347372	23.1196134263	7.89
61.5863068879	23.1194707749	7.9
61.5971790154	23.1193273786	7.91
61.6080511196	23.1191832373	7.92
61.6189232004	23.119038351	7.93
61.6297952577	23.1188927198	7.94
61.6406672913	23.1187463435	7.95
61.6515393012	23.1185992223	7.96
61.6624112871	23.1184513562	7.97
61.6732832491	23.1183027451	7.98
61.6841551868	23.1181533891	7.99
61.6950271004	23.1180032881	8
61.7058989895	23.1178524422	8.01
61.7167708542	23.1177008514	8.02
61.7276426942	23.1175485157	8.03
61.7385145095	23.1173954351	8.04
61.7493863	23.1172416096	8.05
61.7602580654	23.1170870392	8.06
61.7711298058	23.1169317239	8.07
61.7820015209	23.1167756637	8.08
61.7928732107	23.1166188587	8.09
61.803744875	23.1164613088	8.1
61.8146165138	23.116303014	8.11
61.8254881268	23.1161439744	8.12
61.836359714	23.11598419	8.13
61.8472312753	23.1158236607	8.14
61.8581028105	23.1156623866	8.15
61.8689743196	23.1155003677	8.16
61.8798458023	23.115337604	8.17
61.8907172586	23.1151740955	8.18
61.9015886883	23.1150098422	8.19
61.9124600914	23.1148448441	8.2
61.9233314677	23.1146791013	8.21
61.9342028171	23.1145126136	8.22
61.9450741395	23.1143453813	8.23
61.9559454347	23.1141774041	8.24
61.9668167026	23.1140086822	8.25
61.9776879432	23.1138392156	8.26
61.9885591562	23.1136690042	8.27
61.9994303417	23.1134980482	8.28
62.0103014993	23.1133263474	8.29
62.0211726291	23.1131539019	8.3
62.032043731	23.1129807117	8.31
62.0429148047	23.1128067768	8.32
62.0537858501	23.1126320972	8.33
62.0646568672	23.112456673	8.34
62.0755278559	23.1122805041	8.35
62.086398816	23.1121035905	8.36
62.0972697473	23.1119259323	8.37
62.1081406498	23.1117475295	8.38
62.1190115234	23.111568382	8.39
62.1298823679	23.1113884899	8.4
62.1407531832	23.1112078532	8.41
62.1516239692	23.1110264719	8.42
62.1624947257	23.110844346	8.43
62.1733654527	23.1106614755	8.44
62.18423615	23.1104778604	8.45
62.1951068176	23.1102935007	8.46
62.2059774552	23.1101083965	8.47
62.2168480628	23.1099225477	8.48
62.2277186402	23.1097359544	8.49
62.2385891873	23.1095486166	8.5
62.2494597041	23.1093605342	8.51
62.2603301903	23.1091717073	8.52
62.2712006459	23.1089821359	8.53
62.2820710708	23.10879182	8.54
62.2929414648	23.1086007596	8.55
62.3038118277	23.1084089547	8.56
62.3146821596	23.1082164053	8.57
62.3255524602	23.1080231115	8.58
62.3364227295	23.1078290732	8.59
62.3472929673	23.1076342905	8.6
62.3581631735	23.1074387634	8.61
62.369033348	23.1072424918	8.62
62.3799034906	23.1070454758	8.63
62.3907736013	23.1068477154	8.64
62.4016436799	23.1066492105	8.65
62.4125137263	23.1064499613	8.66
62.4233837404	23.1062499677	8.67
62.4342537221	23.1060492298	8.68
62.4451236712	23.1058477475	8.69
62.4559935876	23.1056455208	8.7
62.4668634712	23.1054425498	8.71
62.4777333219	23.1052388344	8.72
62.4886031396	23.1050343747	8.73
62.4994729241	23.1048291707	8.74
62.5103426753	23.1046232224	8.75
62.5212123932	23.1044165298	8.76
62.5320820775	23.104209093	8.77
62.5429517282	23.1040009118	8.78
62.5538213451	23.1037919864	8.79
62.5646909281	23.1035823167	8.8
62.5755604772	23.1033719028	8.81
62.5864299921	23.1031607446	8.82
62.5972994728	23.1029488422	8.83
62.6081689191	23.1027361956	8.84
62.619038331	23.1025228048	8.85
62.6299077082	23.1023086698	8.86
62.6407770507	23.1020937906	8.87
62.6516463584	23.1018781672	8.88
62.6625156312	23.1016617997	8.89
62.6733848688	23.101444688	8.9
62.6842540713	23.1012268322	8.91
62.6951232384	23.1010082322	8.92
62.7059923701	23.1007888881	8.93
62.7168614663	23.1005687999	8.94
62.7277305268	23.1003479676	8.95
62.7385995514	23.1001263911	8.96
62.7494685402	23.0999040706	8.97
62.7603374929	23.0996810061	8.98
62.7712064095	23.0994571974	8.99
62.7820752897	23.0992326447	9
62.7929441336	23.099007348	9.01
62.803812941	23.0987813073	9.02
62.8146817117	23.0985545225	9.03
62.8255504457	23.0983269937	9.04
62.8364191428	23.0980987209	9.05
62.8472878029	23.0978697041	9.06
62.8581564259	23.0976399434	9.07
62.8690250116	23.0974094386	9.08
62.87989356	23.09717819	9.09
62.8907620709	23.0969461973	9.1
62.9016305443	23.0967134608	9.11
62.9124989799	23.0964799803	9.12
62.9233673776	23.0962457559	9.13
62.9342357374	23.0960107876	9.14
62.9451040592	23.0957750754	9.15
62.9559723427	23.0955386194	9.16
62.966840588	23.0953014194	9.17
62.9777087948	23.0950634756	9.18
62.988576963	23.094824788	9.19
62.9994450926	23.0945853565	9.2
63.0103131833	23.0943451813	9.21
63.0211812352	23.0941042622	9.22
63.032049248	23.0938625992	9.23
63.0429172217	23.0936201926	9.24
63.0537851561	23.0933770421	9.25
63.0646530511	23.0931331478	9.26
63.0755209066	23.0928885099	9.27
63.0863887225	23.0926431281	9.28
63.0972564986	23.0923970027	9.29
63.1081242349	23.0921501335	9.3
63.1189919311	23.0919025206	9.31
63.1298595873	23.091654164	9.32
63.1407272032	23.0914050637	9.33
63.1515947787	23.0911552198	9.34
63.1624623138	23.0909046321	9.35
63.1733298083	23.0906533009	9.36
63.1841972621	23.090401226	9.37
63.1950646751	23.0901484075	9.38
63.2059320471	23.0898948453	9.39
63.2167993781	23.0896405396	9.4
63.2276666679	23.0893854902	9.41
63.2385339163	23.0891296973	9.42
63.2494011234	23.0888731609	9.43
63.2602682889	23.0886158808	9.44
63.2711354127	23.0883578572	9.45
63.2820024947	23.0880990901	9.46
63.2928695349	23.0878395795	9.47
63.303736533	23.0875793254	9.48
63.3146034889	23.0873183278	9.49
63.3254704027	23.0870565867	9.5
63.336337274	23.0867941021	9.51
63.3472041028	23.0865308741	9.52
63.358070889	23.0862669026	9.53
63.3689376325	23.0860021877	9.54
63.3798043331	23.0857367294	9.55
63.3906709907	23.0854705276	9.56
63.4015376052	23.0852035825	9.57
63.4124041765	23.084935894	9.58
63.4232707045	23.0846674621	9.59
63.434137189	23.0843982869	9.6
63.4450036299	23.0841283683	9.61
63.4558700272	23.0838577064	9.62
63.4667363806	23.0835863012	9.63
63.4776026901	23.0833141526	9.64
63.4884689555	23.0830412608	9.65
63.4993351767	23.0827676257	9.66
63.5102013537	23.0824932473	9.67
63.5210674862	23.0822181257	9.68
63.5319335743	23.0819422608	9.69
63.5427996176	23.0816656528	9.7
63.5536656162	23.0813883014	9.71
63.5645315699	23.0811102069	9.72
63.5753974786	23.0808313692	9.73
63.5862633422	23.0805517883	9.74
63.5971291605	23.0802714643	9.75
63.6079949334	23.0799903971	9.76
63.6188606609	23.0797085868	9.77
63.6297263428	23.0794260333	9.78
63.6405919789	23.0791427368	9.79
63.6514575692	23.0788586971	9.8
63.6623231135	23.0785739144	9.81
63.6731886117	23.0782883886	9.82
63.6840540638	23.0780021197	9.83
63.6949194695	23.0777151078	9.84
63.7057848287	23.0774273528	9.85
63.7166501415	23.0771388549	9.86
63.7275154075	23.0768496139	9.87
63.7383806267	23.07655963	9.88
63.749245799	23.076268903	9.89
63.7601109243	23.0759774332	9.9
63.7709760024	23.0756852203	9.91
63.7818410333	23.0753922646	9.92
63.7927060167	23.0750985659	9.93
63.8035709527	23.0748041243	9.94
63.814435841	23.0745089398	9.95
63.8253006815	23.0742130124	9.96
63.8361654742	23.0739163422	9.97
63.8470302189	23.0736189291	9.98
63.8578949155	23.0733207732	9.99
63.8687595639	23.0730218744	10
63.8796241639	23.0727222329	10.01
63.8904887154	23.0724218485	10.02
63.9013532184	23.0721207214	10.03
63.9122176726	23.0718188515	10.04
63.923082078	23.0715162389	10.05
63.9339464345	23.0712128835	10.06
63.9448107419	23.0709087854	10.07
63.9556750002	23.0706039446	10.08
63.9665392091	23.070298361	10.09
63.9774033686	23.0699920348	10.1
63.9882674786	23.069684966	10.11
63.999131539	23.0693771545	10.12
64.0099955495	23.0690686003	10.13
64.0208595102	23.0687593035	10.14
64.0317234208	23.0684492642	10.15
64.0425872813	23.0681384822	10.16
64.0534510916	23.0678269576	10.17
64.0643148515	23.0675146905	10.18
64.0751785609	23.0672016808	10.19
64.0860422196	23.0668879286	10.2
64.0969058277	23.0665734339	10.21
64.1077693849	23.0662581967	10.22
64.1186328912	23.0659422169	10.23
64.1294963463	23.0656254947	10.24
64.1403597503	23.0653080301	10.25
64.1512231029	23.0649898229	10.26
64.1620864041	23.0646708734	10.27
64.1729496538	23.0643511814	10.28
64.1838128517	23.0640307471	10.29
64.1946759979	23.0637095703	10.3
64.2055390922	23.0633876512	10.31
64.2164021344	23.0630649897	10.32
64.2272651244	23.0627415859	10.33
64.2381280622	23.0624174398	10.34
64.2489909476	23.0620925513	10.35
64.2598537805	23.0617669206	10.36
64.2707165608	23.0614405476	10.37
64.2815792883	23.0611134323	10.38
64.2924419629	23.0607855747	10.39
64.3033045846	23.060456975	10.4
64.3141671531	23.060127633	10.41
64.3250296685	23.0597975488	10.42
64.3358921305	23.0594667224	10.43
64.346754539	23.0591351538	10.44
64.357616894	23.0588028431	10.45
64.3684791952	23.0584697903	10.46
64.3793414427	23.0581359953	10.47
64.3902036362	23.0578014582	10.48
64.4010657756	23.057466179	10.49
64.4119278609	23.0571301577	10.5
64.4227898919	23.0567933944	10.51
64.4336518685	23.056455889	10.52
64.4445137906	23.0561176416	10.53
64.455375658	23.0557786522	10.54
64.4662374706	23.0554389208	10.55
64.4770992284	23.0550984474	10.56
64.4879609312	23.054757232	10.57
64.4988225788	23.0544152747	10.58
64.5096841712	23.0540725755	10.59
64.5205457083	23.0537291343	10.6
64.5314071898	23.0533849512	10.61
64.5422686158	23.0530400263	10.62
64.5531299861	23.0526943594	10.63
64.5639913005	23.0523479508	10.64
64.574852559	23.0520008002	10.65
64.5857137614	23.0516529079	10.66
64.5965749077	23.0513042738	10.67
64.6074359976	23.0509548978	10.68
64.6182970311	23.0506047801	10.69
64.6291580081	23.0502539206	10.7
64.6400189284	23.0499023194	10.71
64.6508797919	23.0495499765	10.72
64.6617405985	23.0491968919	10.73
64.6726013481	23.0488430656	10.74
64.6834620406	23.0484884976	10.75
64.6943226758	23.0481331879	10.76
64.7051832537	23.0477771366	10.77
64.716043774	23.0474203437	10.78
64.7269042368	23.0470628092	10.79
64.7377646418	23.0467045331	10.8
64.748624989	23.0463455154	10.81
64.7594852783	23.0459857561	10.82
64.7703455094	23.0456252554	10.83
64.7812056824	23.0452640131	10.84
64.792065797	23.0449020292	10.85
64.8029258532	23.044539304	10.86
64.8137858508	23.0441758372	10.87
64.8246457898	23.043811629	10.88
64.83550567	23.0434466793	10.89
64.8463654913	23.0430809882	10.9
64.8572252535	23.0427145557	10.91
64.8680849566	23.0423473819	10.92
64.8789446005	23.0419794666	10.93
64.889804185	23.0416108101	10.94
64.9006637099	23.0412414121	10.95
64.9115231753	23.0408712729	10.96
64.9223825809	23.0405003924	10.97
64.9332419267	23.0401287706	10.98
64.9441012124	23.0397564075	10.99
64.9549604382	23.0393833031	11
64.9658196036	23.0390094576	11.01
64.9766787088	23.0386348708	11.02
64.9875377535	23.0382595429	11.03
64.9983967377	23.0378834737	11.04
65.0092556612	23.0375066634	11.05
65.0201145239	23.037129112	11.06
65.0309733257	23.0367508194	11.07
65.0418320664	23.0363717858	11.08
65.052690746	23.035992011	11.09
65.0635493643	23.0356114952	11.1
65.0744079213	23.0352302383	11.11
65.0852664167	23.0348482404	11.12
65.0961248505	23.0344655014	11.13
65.1069832225	23.0340820215	11.14
65.1178415328	23.0336978006	11.15
65.128699781	23.0333128387	11.16
65.1395579671	23.0329271359	11.17
65.150416091	23.0325406922	11.18
65.1612741526	23.0321535075	11.19
65.1721321518	23.031765582	11.2
65.1829900883	23.0313769156	11.21
65.1938479622	23.0309875083	11.22
65.2047057733	23.0305973602	11.23
65.2155635215	23.0302064713	11.24
65.2264212066	23.0298148416	11.25
65.2372788286	23.0294224711	11.26
65.2481363873	23.0290293598	11.27
65.2589938826	23.0286355078	11.28
65.2698513144	23.0282409151	11.29
65.2807086826	23.0278455817	11.3
65.291565987	23.0274495075	11.31
65.3024232276	23.0270526928	11.32
65.3132804042	23.0266551373	11.33
65.3241375167	23.0262568412	11.34
65.334994565	23.0258578045	11.35
65.3458515489	23.0254580273	11.36
65.3567084684	23.0250575094	11.37
65.3675653234	23.024656251	11.38
65.3784221136	23.024254252	11.39
65.3892788391	23.0238515126	11.4
65.4001354996	23.0234480326	11.41
65.4109920951	23.0230438121	11.42
65.4218486254	23.0226388512	11.43
65.4327050904	23.0222331499	11.44
65.4435614901	23.0218267081	11.45
65.4544178243	23.0214195259	11.46
65.4652740928	23.0210116033	11.47
65.4761302956	23.0206029403	11.48
65.4869864325	23.0201935371	11.49
65.4978425035	23.0197833934	11.5
65.5086985083	23.0193725095	11.51
65.5195544469	23.0189608853	11.52
65.5304103192	23.0185485208	11.53
65.5412661251	23.018135416	11.54
65.5521218644	23.017721571	11.55
65.562977537	23.0173069858	11.56
65.5738331428	23.0168916605	11.57
65.5846886817	23.0164755949	11.58
65.5955441536	23.0160587892	11.59
65.6063995583	23.0156412433	11.6
65.6172548957	23.0152229574	11.61
65.6281101657	23.0148039313	11.62
65.6389653683	23.0143841651	11.63
65.6498205032	23.0139636589	11.64
65.6606755704	23.0135424127	11.65
65.6715305697	23.0131204265	11.66
65.682385501	23.0126977002	11.67
65.6932403643	23.012274234	11.68
65.7040951593	23.0118500278	11.69
65.7149498861	23.0114250817	11.7
65.7258045443	23.0109993956	11.71
65.7366591341	23.0105729697	11.72
65.7475136551	23.0101458039	11.73
65.7583681074	23.0097178982	11.74
65.7692224907	23.0092892527	11.75
65.780076805	23.0088598673	11.76
65.7909310501	23.0084297422	11.77
65.801785226	23.0079988773	11.78
65.8126393326	23.0075672726	11.79
65.8234933696	23.0071349282	11.8
65.834347337	23.0067018441	11.81
65.8452012347	23.0062680203	11.82
65.8560550625	23.0058334568	11.83
65.8669088203	23.0053981536	11.84
65.8777625081	23.0049621108	11.85
65.8886161257	23.0045253284	11.86
65.8994696729	23.0040878064	11.87
65.9103231498	23.0036495449	11.88
65.921176556	23.0032105437	11.89
65.9320298916	23.0027708031	11.9
65.9428831564	23.0023303229	11.91
65.9537363504	23.0018891033	11.92
65.9645894733	23.0014471441	11.93
65.975442525	23.0010044455	11.94
65.9862955055	23.0005610075	11.95
65.9971484147	23.0001168301	11.96
66	23	11.9626274957
