# Command : blockmean faa.dat -I0.2 -R53/23/66/30r -h1 -V
54	30	-73.6993
55	30	-44.4804
56	30	-46.8359
57	30	-5.74568
58	30	-84.0254
59	30	-99.2411
60	30	-6.11792
61	30	-46.9684
62	30	-64.009
63	30	-50.2139
64	30	-36.453
65	30	-58.2585
66	30	-65.6942
53	29	-47.1103
54	29	-80.4415
55	29	-60.4912
56	29	-12.5618
57	29	67.3544
58	29	-18.9113
59	29	-92.9556
60	29	-66.5553
61	29	-11.1045
62	29	-54.5089
63	29	-48.5142
64	29	-30.0743
65	29	-73.7492
66	29	-50.6262
53	28	-66.8918
54	28	-71.3479
55	28	-84.5195
56	28	-113.98
57	28	-102.843
58	28	-100.726
59	28	-88.4553
60	28	-66.7485
61	28	-57.8359
62	28	-78.0946
63	28	-136.113
64	28	-119.495
65	28	-101.416
66	28	-64.9292
53	27	-115.177
54	27	-70.0138
55	27	-86.0303
56	27	-161.916
57	27	-192.308
58	27	-44.002
59	27	-134.516
60	27	-114.558
61	27	-103.805
62	27	-113.951
63	27	-115.655
64	27	-123.709
65	27	-48.8435
66	27	-56.249
53	26	-114.487
54	26	-121.906
55	26	-163.279
56	26	-120.329
57	26	-95.7241
58	26	-53.3262
59	26	-96.3013
60	26	-103.499
61	26	-104.851
62	26	-125.312
63	26	-101.581
64	26	-83.4357
65	26	-74.5164
66	26	-137.627
53	25	-129.11
54	25	-128.367
55	25	-166.368
56	25	-77.0641
57	25	-132.331
58	25	-151.893
59	25	-151.555
60	25	-117.567
61	25	-101.272
62	25	-89.9226
63	25	-97.8265
64	25	-124.054
65	25	-162.382
66	25	-148.603
53	24	-160.485
54	24	-147.808
55	24	-171.309
56	24	-124.171
57	24	-111.185
58	24	-160.807
59	24	-234.147
60	24	-179.027
61	24	-158.723
62	24	-182.923
63	24	-193.758
64	24	-198.039
65	24	-207.183
66	24	-130.732
53	23	-168.035
54	23	-171.601
55	23	-144.042
56	23	-199.084
57	23	-167.971
58	23	-108.535
59	23	-92.9816
60	23	-200
61	23	-149.027
62	23	-166.999
63	23	-184.007
64	23	-140.28
65	23	-166.172
66	23	-132.904
