# Command : blockmean b.txt -I0.2 -R53/23/66/30r -h1 -V
53.25	29.75	104.1308358
53.75	29.75	112.3731967
54.25	29.75	77.96017435
54.75	29.75	65.77109883
55.25	29.75	27.49493066
55.75	29.75	12.58700353
56.25	29.75	-22.75612303
56.75	29.75	-32.31143732
57.25	29.75	-36.70460076
57.75	29.75	-39.35520308
58.25	29.75	-40.98888475
58.75	29.75	-41.9423727
59.25	29.75	-42.38476635
59.75	29.75	-42.38476635
60.25	29.75	-41.9423727
60.75	29.75	-40.98888475
61.25	29.75	-39.35520308
61.75	29.75	-36.70460076
62.25	29.75	-32.31143732
62.75	29.75	-22.75612303
63.25	29.75	12.58700353
63.75	29.75	27.49493066
64.25	29.75	65.77109883
64.75	29.75	77.96017435
65.25	29.75	112.3731967
65.75	29.75	104.1308358
53.25	29.25	116.6673507
53.75	29.25	126.8608157
54.25	29.25	90.06076861
54.75	29.25	75.01954321
55.25	29.25	32.35207992
55.75	29.25	13.63288576
56.25	29.25	-26.64767631
56.75	29.25	-40.23490818
57.25	29.25	-49.23774163
57.75	29.25	-54.3556833
58.25	29.25	-57.1390928
58.75	29.25	-58.6689784
59.25	29.25	-59.36054898
59.75	29.25	-59.36054898
60.25	29.25	-58.6689784
60.75	29.25	-57.1390928
61.25	29.25	-54.3556833
61.75	29.25	-49.23774163
62.25	29.25	-40.23490818
62.75	29.25	-26.64767631
63.25	29.25	13.63288576
63.75	29.25	32.35207992
64.25	29.25	75.01954321
64.75	29.25	90.06076861
65.25	29.25	126.8608157
65.75	29.25	116.6673507
53.25	28.75	119.9498432
53.75	28.75	130.6221044
54.25	28.75	93.46683367
54.75	28.75	77.55149082
55.25	28.75	33.63361601
55.75	28.75	13.37764732
56.25	28.75	-29.133404
56.75	28.75	-48.30672877
57.25	28.75	-82.52279302
57.75	28.75	-93.15930606
58.25	28.75	-97.95152244
58.75	28.75	-100.4956332
59.25	28.75	-101.609947
59.75	28.75	-101.609947
60.25	28.75	-100.4956332
60.75	28.75	-97.95152244
61.25	28.75	-93.15930606
61.75	28.75	-82.52279302
62.25	28.75	-48.30672877
62.75	28.75	-29.133404
63.25	28.75	13.37764732
63.75	28.75	33.63361601
64.25	28.75	77.55149082
64.75	28.75	93.46683367
65.25	28.75	130.6221044
65.75	28.75	119.9498432
53.25	28.25	121.1649494
53.75	28.25	131.9479731
54.25	28.25	94.66179418
54.75	28.25	78.3923474
55.25	28.25	33.92199381
55.75	28.25	12.87825833
56.25	28.25	-30.89600489
56.75	28.25	-52.58097107
57.25	28.25	-91.4120213
57.75	28.25	-106.0189551
58.25	28.25	-115.2702567
58.75	28.25	-120.0404007
59.25	28.25	-121.90556
59.75	28.25	-121.90556
60.25	28.25	-120.0404007
60.75	28.25	-115.2702567
61.25	28.25	-106.0189551
61.75	28.25	-91.4120213
62.25	28.25	-52.58097107
62.75	28.25	-30.89600489
63.25	28.25	12.87825833
63.75	28.25	33.92199381
64.25	28.25	78.3923474
64.75	28.25	94.66179418
65.25	28.25	131.9479731
65.75	28.25	121.1649494
53.25	27.75	121.6904876
53.75	27.75	132.489532
54.25	27.75	95.12541149
54.75	27.75	78.67423851
55.25	27.75	33.91017957
55.75	27.75	12.42683766
56.25	27.75	-32.03145013
56.75	27.75	-54.85255659
57.25	27.75	-95.70285617
57.75	27.75	-115.6357507
58.25	27.75	-146.5518809
58.75	27.75	-156.1051205
59.25	27.75	-159.0186955
59.75	27.75	-159.0186955
60.25	27.75	-156.1051205
60.75	27.75	-146.5518809
61.25	27.75	-115.6357507
61.75	27.75	-95.70285617
62.25	27.75	-54.85255659
62.75	27.75	-32.03145013
63.25	27.75	12.42683766
63.75	27.75	33.91017957
64.25	27.75	78.67423851
64.75	27.75	95.12541149
65.25	27.75	132.489532
65.75	27.75	121.6904876
53.25	27.25	121.9279706
53.75	27.25	132.7208158
54.25	27.25	95.30816839
54.75	27.25	78.7575247
55.25	27.25	33.83334521
55.75	27.25	12.10908081
56.25	27.25	-32.71508633
56.75	27.25	-56.12131716
57.25	27.25	-98.01671994
57.75	27.25	-120.1292116
58.25	27.25	-154.8502724
58.75	27.25	-166.3806716
59.25	27.25	-169.9545388
59.75	27.25	-169.9545388
60.25	27.25	-166.3806716
60.75	27.25	-154.8502724
61.25	27.25	-120.1292116
61.75	27.25	-98.01671994
62.25	27.25	-56.12131716
62.75	27.25	-32.71508633
63.25	27.25	12.10908081
63.75	27.25	33.83334521
64.25	27.25	78.7575247
64.75	27.25	95.30816839
65.25	27.25	132.7208158
65.75	27.25	121.9279706
53.25	26.75	122.0215089
53.75	26.75	132.8079249
54.25	26.75	95.37160318
54.75	26.75	78.77574481
55.25	26.75	33.77961705
55.75	26.75	11.94752894
56.25	26.75	-33.03825293
56.75	26.75	-56.69532171
57.25	26.75	-98.99786432
57.75	26.75	-121.7544733
58.25	26.75	-157.2673347
58.75	26.75	-169.3656861
59.25	26.75	-173.1931948
59.75	26.75	-173.1931948
60.25	26.75	-169.3656861
60.75	26.75	-157.2673347
61.25	26.75	-121.7544733
61.75	26.75	-98.99786432
62.25	26.75	-56.69532171
62.75	26.75	-33.03825293
63.25	26.75	11.94752894
63.75	26.75	33.77961705
64.25	26.75	78.77574481
64.75	26.75	95.37160318
65.25	26.75	132.8079249
65.75	26.75	122.0215089
53.25	26.25	122.0215089
53.75	26.25	132.8079249
54.25	26.25	95.37160318
54.75	26.25	78.77574481
55.25	26.25	33.77961705
55.75	26.25	11.94752894
56.25	26.25	-33.03825293
56.75	26.25	-56.69532171
57.25	26.25	-98.99786432
57.75	26.25	-121.7544733
58.25	26.25	-157.2673347
58.75	26.25	-169.3656861
59.25	26.25	-173.1931948
59.75	26.25	-173.1931948
60.25	26.25	-169.3656861
60.75	26.25	-157.2673347
61.25	26.25	-121.7544733
61.75	26.25	-98.99786432
62.25	26.25	-56.69532171
62.75	26.25	-33.03825293
63.25	26.25	11.94752894
63.75	26.25	33.77961705
64.25	26.25	78.77574481
64.75	26.25	95.37160318
65.25	26.25	132.8079249
65.75	26.25	122.0215089
53.25	25.75	121.9279706
53.75	25.75	132.7208158
54.25	25.75	95.30816839
54.75	25.75	78.7575247
55.25	25.75	33.83334521
55.75	25.75	12.10908081
56.25	25.75	-32.71508633
56.75	25.75	-56.12131716
57.25	25.75	-98.01671994
57.75	25.75	-120.1292116
58.25	25.75	-154.8502724
58.75	25.75	-166.3806716
59.25	25.75	-169.9545388
59.75	25.75	-169.9545388
60.25	25.75	-166.3806716
60.75	25.75	-154.8502724
61.25	25.75	-120.1292116
61.75	25.75	-98.01671994
62.25	25.75	-56.12131716
62.75	25.75	-32.71508633
63.25	25.75	12.10908081
63.75	25.75	33.83334521
64.25	25.75	78.7575247
64.75	25.75	95.30816839
65.25	25.75	132.7208158
65.75	25.75	121.9279706
53.25	25.25	121.6904876
53.75	25.25	132.489532
54.25	25.25	95.12541149
54.75	25.25	78.67423851
55.25	25.25	33.91017957
55.75	25.25	12.42683766
56.25	25.25	-32.03145013
56.75	25.25	-54.85255659
57.25	25.25	-95.70285617
57.75	25.25	-115.6357507
58.25	25.25	-146.5518809
58.75	25.25	-156.1051205
59.25	25.25	-159.0186955
59.75	25.25	-159.0186955
60.25	25.25	-156.1051205
60.75	25.25	-146.5518809
61.25	25.25	-115.6357507
61.75	25.25	-95.70285617
62.25	25.25	-54.85255659
62.75	25.25	-32.03145013
63.25	25.25	12.42683766
63.75	25.25	33.91017957
64.25	25.25	78.67423851
64.75	25.25	95.12541149
65.25	25.25	132.489532
65.75	25.25	121.6904876
53.25	24.75	121.1649494
53.75	24.75	131.9479731
54.25	24.75	94.66179418
54.75	24.75	78.3923474
55.25	24.75	33.92199381
55.75	24.75	12.87825833
56.25	24.75	-30.89600489
56.75	24.75	-52.58097107
57.25	24.75	-91.4120213
57.75	24.75	-106.0189551
58.25	24.75	-115.2702567
58.75	24.75	-120.0404007
59.25	24.75	-121.90556
59.75	24.75	-121.90556
60.25	24.75	-120.0404007
60.75	24.75	-115.2702567
61.25	24.75	-106.0189551
61.75	24.75	-91.4120213
62.25	24.75	-52.58097107
62.75	24.75	-30.89600489
63.25	24.75	12.87825833
63.75	24.75	33.92199381
64.25	24.75	78.3923474
64.75	24.75	94.66179418
65.25	24.75	131.9479731
65.75	24.75	121.1649494
53.25	24.25	119.9498432
53.75	24.25	130.6221044
54.25	24.25	93.46683367
54.75	24.25	77.55149082
55.25	24.25	33.63361601
55.75	24.25	13.37764732
56.25	24.25	-29.133404
56.75	24.25	-48.30672877
57.25	24.25	-82.52279302
57.75	24.25	-93.15930606
58.25	24.25	-97.95152244
58.75	24.25	-100.4956332
59.25	24.25	-101.609947
59.75	24.25	-101.609947
60.25	24.25	-100.4956332
60.75	24.25	-97.95152244
61.25	24.25	-93.15930606
61.75	24.25	-82.52279302
62.25	24.25	-48.30672877
62.75	24.25	-29.133404
63.25	24.25	13.37764732
63.75	24.25	33.63361601
64.25	24.25	77.55149082
64.75	24.25	93.46683367
65.25	24.25	130.6221044
65.75	24.25	119.9498432
53.25	23.75	116.6673507
53.75	23.75	126.8608157
54.25	23.75	90.06076861
54.75	23.75	75.01954321
55.25	23.75	32.35207992
55.75	23.75	13.63288576
56.25	23.75	-26.64767631
56.75	23.75	-40.23490818
57.25	23.75	-49.23774163
57.75	23.75	-54.3556833
58.25	23.75	-57.1390928
58.75	23.75	-58.6689784
59.25	23.75	-59.36054898
59.75	23.75	-59.36054898
60.25	23.75	-58.6689784
60.75	23.75	-57.1390928
61.25	23.75	-54.3556833
61.75	23.75	-49.23774163
62.25	23.75	-40.23490818
62.75	23.75	-26.64767631
63.25	23.75	13.63288576
63.75	23.75	32.35207992
64.25	23.75	75.01954321
64.75	23.75	90.06076861
65.25	23.75	126.8608157
65.75	23.75	116.6673507
53.75	23.25	112.3731967
54.25	23.25	77.96017435
54.75	23.25	65.77109883
55.25	23.25	27.49493066
55.75	23.25	12.58700353
56.25	23.25	-22.75612303
56.75	23.25	-32.31143732
57.25	23.25	-36.70460076
57.75	23.25	-39.35520308
58.25	23.25	-40.98888475
58.75	23.25	-41.9423727
59.25	23.25	-42.38476635
59.75	23.25	-42.38476635
60.25	23.25	-41.9423727
60.75	23.25	-40.98888475
61.25	23.25	-39.35520308
61.75	23.25	-36.70460076
62.25	23.25	-32.31143732
62.75	23.25	-22.75612303
63.25	23.25	12.58700353
63.75	23.25	27.49493066
64.25	23.25	65.77109883
64.75	23.25	77.96017435
65.25	23.25	112.3731967
65.75	23.25	104.1308358
